Q core socket tempC time
QQQ 0 0 38 0.00
QQQ 1 0 33 0.00
QQQ 2 0 35 0.00
QQQ 3 0 32 0.00
QQQ 4 0 31 0.00
QQQ 5 0 38 0.00
QQQ 6 0 37 0.00
QQQ 7 0 36 0.00
QQQ 0 1 37 0.00
QQQ 1 1 36 0.00
QQQ 2 1 36 0.00
QQQ 3 1 32 0.00
QQQ 4 1 35 0.00
QQQ 5 1 34 0.00
QQQ 6 1 38 0.00
QQQ 7 1 36 0.00
QQQ 0 0 39 0.10
QQQ 1 0 34 0.10
QQQ 2 0 35 0.10
QQQ 3 0 32 0.10
QQQ 4 0 30 0.10
QQQ 5 0 39 0.10
QQQ 6 0 38 0.10
QQQ 7 0 37 0.10
QQQ 0 1 37 0.10
QQQ 1 1 37 0.10
QQQ 2 1 37 0.10
QQQ 3 1 33 0.10
QQQ 4 1 36 0.10
QQQ 5 1 36 0.10
QQQ 6 1 38 0.10
QQQ 7 1 37 0.10
QQQ 0 0 39 0.20
QQQ 1 0 34 0.20
QQQ 2 0 35 0.20
QQQ 3 0 33 0.20
QQQ 4 0 31 0.20
QQQ 5 0 39 0.20
QQQ 6 0 39 0.20
QQQ 7 0 37 0.20
QQQ 0 1 38 0.20
QQQ 1 1 39 0.20
QQQ 2 1 37 0.20
QQQ 3 1 34 0.20
QQQ 4 1 37 0.20
QQQ 5 1 37 0.20
QQQ 6 1 38 0.20
QQQ 7 1 37 0.20
QQQ 0 0 39 0.30
QQQ 1 0 34 0.30
QQQ 2 0 35 0.30
QQQ 3 0 32 0.30
QQQ 4 0 32 0.30
QQQ 5 0 40 0.30
QQQ 6 0 39 0.30
QQQ 7 0 38 0.30
QQQ 0 1 37 0.30
QQQ 1 1 39 0.30
QQQ 2 1 38 0.30
QQQ 3 1 34 0.30
QQQ 4 1 36 0.30
QQQ 5 1 37 0.30
QQQ 6 1 39 0.30
QQQ 7 1 38 0.30
QQQ 0 0 40 0.40
QQQ 1 0 34 0.40
QQQ 2 0 36 0.40
QQQ 3 0 33 0.40
QQQ 4 0 33 0.40
QQQ 5 0 40 0.40
QQQ 6 0 40 0.40
QQQ 7 0 38 0.40
QQQ 0 1 38 0.40
QQQ 1 1 39 0.40
QQQ 2 1 40 0.40
QQQ 3 1 35 0.40
QQQ 4 1 37 0.40
QQQ 5 1 37 0.40
QQQ 6 1 40 0.40
QQQ 7 1 38 0.40
QQQ 0 0 40 0.50
QQQ 1 0 34 0.50
QQQ 2 0 36 0.50
QQQ 3 0 33 0.50
QQQ 4 0 33 0.50
QQQ 5 0 40 0.50
QQQ 6 0 40 0.50
QQQ 7 0 39 0.50
QQQ 0 1 38 0.50
QQQ 1 1 40 0.50
QQQ 2 1 41 0.50
QQQ 3 1 35 0.50
QQQ 4 1 38 0.50
QQQ 5 1 38 0.50
QQQ 6 1 41 0.50
QQQ 7 1 39 0.50
QQQ 0 0 39 0.60
QQQ 1 0 34 0.60
QQQ 2 0 36 0.60
QQQ 3 0 33 0.60
QQQ 4 0 32 0.60
QQQ 5 0 40 0.60
QQQ 6 0 40 0.60
QQQ 7 0 39 0.60
QQQ 0 1 39 0.60
QQQ 1 1 40 0.60
QQQ 2 1 41 0.60
QQQ 3 1 35 0.60
QQQ 4 1 38 0.60
QQQ 5 1 39 0.60
QQQ 6 1 41 0.60
QQQ 7 1 39 0.60
QQQ 0 0 40 0.70
QQQ 1 0 35 0.70
QQQ 2 0 36 0.70
QQQ 3 0 33 0.70
QQQ 4 0 32 0.70
QQQ 5 0 40 0.70
QQQ 6 0 41 0.70
QQQ 7 0 39 0.70
QQQ 0 1 39 0.70
QQQ 1 1 41 0.70
QQQ 2 1 41 0.70
QQQ 3 1 36 0.70
QQQ 4 1 39 0.70
QQQ 5 1 39 0.70
QQQ 6 1 41 0.70
QQQ 7 1 40 0.70
QQQ 0 0 40 0.80
QQQ 1 0 35 0.80
QQQ 2 0 36 0.80
QQQ 3 0 33 0.80
QQQ 4 0 33 0.80
QQQ 5 0 41 0.80
QQQ 6 0 41 0.80
QQQ 7 0 39 0.80
QQQ 0 1 39 0.80
QQQ 1 1 41 0.80
QQQ 2 1 42 0.80
QQQ 3 1 36 0.80
QQQ 4 1 40 0.80
QQQ 5 1 40 0.80
QQQ 6 1 41 0.80
QQQ 7 1 40 0.80
QQQ 0 0 40 0.90
QQQ 1 0 35 0.90
QQQ 2 0 37 0.90
QQQ 3 0 33 0.90
QQQ 4 0 33 0.90
QQQ 5 0 40 0.90
QQQ 6 0 41 0.90
QQQ 7 0 40 0.90
QQQ 0 1 40 0.90
QQQ 1 1 41 0.90
QQQ 2 1 42 0.90
QQQ 3 1 36 0.90
QQQ 4 1 40 0.90
QQQ 5 1 40 0.90
QQQ 6 1 42 0.90
QQQ 7 1 40 0.90
QQQ 0 0 41 1.00
QQQ 1 0 35 1.00
QQQ 2 0 37 1.00
QQQ 3 0 34 1.00
QQQ 4 0 34 1.00
QQQ 5 0 40 1.00
QQQ 6 0 42 1.00
QQQ 7 0 41 1.00
QQQ 0 1 40 1.00
QQQ 1 1 41 1.00
QQQ 2 1 42 1.00
QQQ 3 1 37 1.00
QQQ 4 1 40 1.00
QQQ 5 1 40 1.00
QQQ 6 1 41 1.00
QQQ 7 1 40 1.00
QQQ 0 0 41 1.10
QQQ 1 0 35 1.10
QQQ 2 0 37 1.10
QQQ 3 0 34 1.10
QQQ 4 0 33 1.10
QQQ 5 0 40 1.10
QQQ 6 0 42 1.10
QQQ 7 0 42 1.10
QQQ 0 1 40 1.10
QQQ 1 1 41 1.10
QQQ 2 1 42 1.10
QQQ 3 1 36 1.10
QQQ 4 1 40 1.10
QQQ 5 1 40 1.10
QQQ 6 1 42 1.10
QQQ 7 1 41 1.10
QQQ 0 0 41 1.20
QQQ 1 0 35 1.20
QQQ 2 0 38 1.20
QQQ 3 0 34 1.20
QQQ 4 0 34 1.20
QQQ 5 0 41 1.20
QQQ 6 0 42 1.20
QQQ 7 0 42 1.20
QQQ 0 1 40 1.20
QQQ 1 1 41 1.20
QQQ 2 1 43 1.20
QQQ 3 1 37 1.20
QQQ 4 1 41 1.20
QQQ 5 1 40 1.20
QQQ 6 1 43 1.20
QQQ 7 1 41 1.20
QQQ 0 0 41 1.30
QQQ 1 0 35 1.30
QQQ 2 0 37 1.30
QQQ 3 0 35 1.30
QQQ 4 0 34 1.30
QQQ 5 0 41 1.30
QQQ 6 0 42 1.30
QQQ 7 0 41 1.30
QQQ 0 1 40 1.30
QQQ 1 1 41 1.30
QQQ 2 1 43 1.30
QQQ 3 1 38 1.30
QQQ 4 1 40 1.30
QQQ 5 1 40 1.30
QQQ 6 1 43 1.30
QQQ 7 1 41 1.30
QQQ 0 0 41 1.40
QQQ 1 0 35 1.40
QQQ 2 0 38 1.40
QQQ 3 0 34 1.40
QQQ 4 0 34 1.40
QQQ 5 0 41 1.40
QQQ 6 0 42 1.40
QQQ 7 0 42 1.40
QQQ 0 1 41 1.40
QQQ 1 1 42 1.40
QQQ 2 1 42 1.40
QQQ 3 1 38 1.40
QQQ 4 1 41 1.40
QQQ 5 1 41 1.40
QQQ 6 1 43 1.40
QQQ 7 1 41 1.40
QQQ 0 0 42 1.50
QQQ 1 0 35 1.50
QQQ 2 0 38 1.50
QQQ 3 0 35 1.50
QQQ 4 0 34 1.50
QQQ 5 0 42 1.50
QQQ 6 0 42 1.50
QQQ 7 0 42 1.50
QQQ 0 1 41 1.50
QQQ 1 1 42 1.50
QQQ 2 1 42 1.50
QQQ 3 1 38 1.50
QQQ 4 1 41 1.50
QQQ 5 1 41 1.50
QQQ 6 1 43 1.50
QQQ 7 1 41 1.50
QQQ 0 0 41 1.60
QQQ 1 0 35 1.60
QQQ 2 0 38 1.60
QQQ 3 0 35 1.60
QQQ 4 0 35 1.60
QQQ 5 0 42 1.60
QQQ 6 0 42 1.60
QQQ 7 0 43 1.60
QQQ 0 1 40 1.60
QQQ 1 1 43 1.60
QQQ 2 1 43 1.60
QQQ 3 1 37 1.60
QQQ 4 1 40 1.60
QQQ 5 1 40 1.60
QQQ 6 1 43 1.60
QQQ 7 1 41 1.60
QQQ 0 0 42 1.70
QQQ 1 0 36 1.70
QQQ 2 0 38 1.70
QQQ 3 0 35 1.70
QQQ 4 0 34 1.70
QQQ 5 0 42 1.70
QQQ 6 0 43 1.70
QQQ 7 0 42 1.70
QQQ 0 1 41 1.70
QQQ 1 1 43 1.70
QQQ 2 1 43 1.70
QQQ 3 1 38 1.70
QQQ 4 1 41 1.70
QQQ 5 1 41 1.70
QQQ 6 1 44 1.70
QQQ 7 1 42 1.70
QQQ 0 0 42 1.80
QQQ 1 0 36 1.80
QQQ 2 0 37 1.80
QQQ 3 0 35 1.80
QQQ 4 0 34 1.80
QQQ 5 0 42 1.80
QQQ 6 0 43 1.80
QQQ 7 0 43 1.80
QQQ 0 1 42 1.80
QQQ 1 1 43 1.80
QQQ 2 1 43 1.80
QQQ 3 1 39 1.80
QQQ 4 1 41 1.80
QQQ 5 1 42 1.80
QQQ 6 1 44 1.80
QQQ 7 1 42 1.80
QQQ 0 0 42 1.90
QQQ 1 0 36 1.90
QQQ 2 0 38 1.90
QQQ 3 0 34 1.90
QQQ 4 0 34 1.90
QQQ 5 0 42 1.90
QQQ 6 0 44 1.90
QQQ 7 0 43 1.90
QQQ 0 1 42 1.90
QQQ 1 1 43 1.90
QQQ 2 1 43 1.90
QQQ 3 1 39 1.90
QQQ 4 1 41 1.90
QQQ 5 1 42 1.90
QQQ 6 1 44 1.90
QQQ 7 1 43 1.90
QQQ 0 0 43 2.00
QQQ 1 0 36 2.00
QQQ 2 0 38 2.00
QQQ 3 0 35 2.00
QQQ 4 0 34 2.00
QQQ 5 0 42 2.00
QQQ 6 0 43 2.00
QQQ 7 0 43 2.00
QQQ 0 1 42 2.00
QQQ 1 1 43 2.00
QQQ 2 1 43 2.00
QQQ 3 1 38 2.00
QQQ 4 1 41 2.00
QQQ 5 1 42 2.00
QQQ 6 1 44 2.00
QQQ 7 1 43 2.00
QQQ 0 0 42 2.10
QQQ 1 0 36 2.10
QQQ 2 0 39 2.10
QQQ 3 0 35 2.10
QQQ 4 0 34 2.10
QQQ 5 0 42 2.10
QQQ 6 0 43 2.10
QQQ 7 0 44 2.10
QQQ 0 1 41 2.10
QQQ 1 1 43 2.10
QQQ 2 1 43 2.10
QQQ 3 1 39 2.10
QQQ 4 1 42 2.10
QQQ 5 1 42 2.10
QQQ 6 1 44 2.10
QQQ 7 1 42 2.10
QQQ 0 0 43 2.20
QQQ 1 0 36 2.20
QQQ 2 0 38 2.20
QQQ 3 0 35 2.20
QQQ 4 0 35 2.20
QQQ 5 0 42 2.20
QQQ 6 0 43 2.20
QQQ 7 0 43 2.20
QQQ 0 1 41 2.20
QQQ 1 1 43 2.20
QQQ 2 1 43 2.20
QQQ 3 1 40 2.20
QQQ 4 1 42 2.20
QQQ 5 1 42 2.20
QQQ 6 1 44 2.20
QQQ 7 1 43 2.20
QQQ 0 0 43 2.30
QQQ 1 0 36 2.30
QQQ 2 0 39 2.30
QQQ 3 0 36 2.30
QQQ 4 0 35 2.30
QQQ 5 0 43 2.30
QQQ 6 0 43 2.30
QQQ 7 0 43 2.30
QQQ 0 1 42 2.30
QQQ 1 1 43 2.30
QQQ 2 1 43 2.30
QQQ 3 1 39 2.30
QQQ 4 1 42 2.30
QQQ 5 1 42 2.30
QQQ 6 1 45 2.30
QQQ 7 1 43 2.30
QQQ 0 0 43 2.40
QQQ 1 0 36 2.40
QQQ 2 0 38 2.40
QQQ 3 0 35 2.40
QQQ 4 0 35 2.40
QQQ 5 0 43 2.40
QQQ 6 0 44 2.40
QQQ 7 0 43 2.40
QQQ 0 1 42 2.40
QQQ 1 1 44 2.40
QQQ 2 1 44 2.40
QQQ 3 1 39 2.40
QQQ 4 1 42 2.40
QQQ 5 1 43 2.40
QQQ 6 1 45 2.40
QQQ 7 1 43 2.40
QQQ 0 0 43 2.50
QQQ 1 0 37 2.50
QQQ 2 0 38 2.50
QQQ 3 0 36 2.50
QQQ 4 0 35 2.50
QQQ 5 0 43 2.50
QQQ 6 0 44 2.50
QQQ 7 0 43 2.50
QQQ 0 1 42 2.50
QQQ 1 1 44 2.50
QQQ 2 1 43 2.50
QQQ 3 1 39 2.50
QQQ 4 1 43 2.50
QQQ 5 1 43 2.50
QQQ 6 1 45 2.50
QQQ 7 1 43 2.50
QQQ 0 0 43 2.60
QQQ 1 0 36 2.60
QQQ 2 0 39 2.60
QQQ 3 0 36 2.60
QQQ 4 0 36 2.60
QQQ 5 0 42 2.60
QQQ 6 0 44 2.60
QQQ 7 0 43 2.60
QQQ 0 1 42 2.60
QQQ 1 1 44 2.60
QQQ 2 1 44 2.60
QQQ 3 1 39 2.60
QQQ 4 1 42 2.60
QQQ 5 1 43 2.60
QQQ 6 1 45 2.60
QQQ 7 1 43 2.60
QQQ 0 0 43 2.70
QQQ 1 0 36 2.70
QQQ 2 0 38 2.70
QQQ 3 0 35 2.70
QQQ 4 0 36 2.70
QQQ 5 0 42 2.70
QQQ 6 0 44 2.70
QQQ 7 0 43 2.70
QQQ 0 1 42 2.70
QQQ 1 1 44 2.70
QQQ 2 1 44 2.70
QQQ 3 1 39 2.70
QQQ 4 1 43 2.70
QQQ 5 1 43 2.70
QQQ 6 1 45 2.70
QQQ 7 1 44 2.70
QQQ 0 0 43 2.80
QQQ 1 0 36 2.80
QQQ 2 0 39 2.80
QQQ 3 0 35 2.80
QQQ 4 0 35 2.80
QQQ 5 0 43 2.80
QQQ 6 0 44 2.80
QQQ 7 0 44 2.80
QQQ 0 1 42 2.80
QQQ 1 1 44 2.80
QQQ 2 1 44 2.80
QQQ 3 1 40 2.80
QQQ 4 1 43 2.80
QQQ 5 1 43 2.80
QQQ 6 1 44 2.80
QQQ 7 1 44 2.80
QQQ 0 0 43 2.90
QQQ 1 0 37 2.90
QQQ 2 0 39 2.90
QQQ 3 0 36 2.90
QQQ 4 0 36 2.90
QQQ 5 0 44 2.90
QQQ 6 0 45 2.90
QQQ 7 0 44 2.90
QQQ 0 1 43 2.90
QQQ 1 1 44 2.90
QQQ 2 1 44 2.90
QQQ 3 1 40 2.90
QQQ 4 1 43 2.90
QQQ 5 1 43 2.90
QQQ 6 1 45 2.90
QQQ 7 1 44 2.90
QQQ 0 0 43 3.00
QQQ 1 0 37 3.00
QQQ 2 0 39 3.01
QQQ 3 0 36 3.01
QQQ 4 0 36 3.01
QQQ 5 0 43 3.01
QQQ 6 0 44 3.01
QQQ 7 0 44 3.01
QQQ 0 1 42 3.01
QQQ 1 1 44 3.01
QQQ 2 1 44 3.01
QQQ 3 1 40 3.01
QQQ 4 1 43 3.01
QQQ 5 1 43 3.01
QQQ 6 1 45 3.01
QQQ 7 1 44 3.01
QQQ 0 0 43 3.11
QQQ 1 0 37 3.11
QQQ 2 0 39 3.11
QQQ 3 0 36 3.11
QQQ 4 0 36 3.11
QQQ 5 0 43 3.11
QQQ 6 0 45 3.11
QQQ 7 0 43 3.11
QQQ 0 1 43 3.11
QQQ 1 1 44 3.11
QQQ 2 1 44 3.11
QQQ 3 1 40 3.11
QQQ 4 1 44 3.11
QQQ 5 1 43 3.11
QQQ 6 1 45 3.11
QQQ 7 1 44 3.11
QQQ 0 0 43 3.21
QQQ 1 0 37 3.21
QQQ 2 0 39 3.21
QQQ 3 0 36 3.21
QQQ 4 0 36 3.21
QQQ 5 0 43 3.21
QQQ 6 0 46 3.21
QQQ 7 0 44 3.21
QQQ 0 1 43 3.21
QQQ 1 1 45 3.21
QQQ 2 1 45 3.21
QQQ 3 1 40 3.21
QQQ 4 1 43 3.21
QQQ 5 1 44 3.21
QQQ 6 1 46 3.21
QQQ 7 1 44 3.21
QQQ 0 0 43 3.31
QQQ 1 0 37 3.31
QQQ 2 0 39 3.31
QQQ 3 0 36 3.31
QQQ 4 0 36 3.31
QQQ 5 0 44 3.31
QQQ 6 0 45 3.31
QQQ 7 0 44 3.31
QQQ 0 1 43 3.31
QQQ 1 1 44 3.31
QQQ 2 1 45 3.31
QQQ 3 1 40 3.31
QQQ 4 1 43 3.31
QQQ 5 1 43 3.31
QQQ 6 1 46 3.31
QQQ 7 1 44 3.31
QQQ 0 0 43 3.41
QQQ 1 0 37 3.41
QQQ 2 0 39 3.41
QQQ 3 0 36 3.41
QQQ 4 0 36 3.41
QQQ 5 0 44 3.41
QQQ 6 0 45 3.41
QQQ 7 0 44 3.41
QQQ 0 1 43 3.41
QQQ 1 1 44 3.41
QQQ 2 1 45 3.41
QQQ 3 1 40 3.41
QQQ 4 1 43 3.41
QQQ 5 1 44 3.41
QQQ 6 1 45 3.41
QQQ 7 1 44 3.41
QQQ 0 0 43 3.51
QQQ 1 0 37 3.51
QQQ 2 0 39 3.51
QQQ 3 0 36 3.51
QQQ 4 0 36 3.51
QQQ 5 0 43 3.51
QQQ 6 0 45 3.51
QQQ 7 0 44 3.51
QQQ 0 1 43 3.51
QQQ 1 1 44 3.51
QQQ 2 1 45 3.51
QQQ 3 1 40 3.51
QQQ 4 1 43 3.51
QQQ 5 1 45 3.51
QQQ 6 1 46 3.51
QQQ 7 1 45 3.51
QQQ 0 0 43 3.61
QQQ 1 0 37 3.61
QQQ 2 0 39 3.61
QQQ 3 0 37 3.61
QQQ 4 0 36 3.61
QQQ 5 0 44 3.61
QQQ 6 0 45 3.61
QQQ 7 0 44 3.61
QQQ 0 1 43 3.61
QQQ 1 1 45 3.61
QQQ 2 1 44 3.61
QQQ 3 1 40 3.61
QQQ 4 1 43 3.61
QQQ 5 1 44 3.61
QQQ 6 1 45 3.61
QQQ 7 1 44 3.61
QQQ 0 0 44 3.71
QQQ 1 0 37 3.71
QQQ 2 0 39 3.71
QQQ 3 0 36 3.71
QQQ 4 0 37 3.71
QQQ 5 0 44 3.71
QQQ 6 0 46 3.71
QQQ 7 0 45 3.71
QQQ 0 1 43 3.71
QQQ 1 1 44 3.71
QQQ 2 1 45 3.71
QQQ 3 1 41 3.71
QQQ 4 1 44 3.71
QQQ 5 1 44 3.71
QQQ 6 1 46 3.71
QQQ 7 1 44 3.71
QQQ 0 0 44 3.81
QQQ 1 0 37 3.81
QQQ 2 0 39 3.81
QQQ 3 0 37 3.81
QQQ 4 0 36 3.81
QQQ 5 0 43 3.81
QQQ 6 0 46 3.81
QQQ 7 0 44 3.81
QQQ 0 1 43 3.81
QQQ 1 1 45 3.81
QQQ 2 1 45 3.81
QQQ 3 1 40 3.81
QQQ 4 1 44 3.81
QQQ 5 1 44 3.81
QQQ 6 1 45 3.81
QQQ 7 1 44 3.81
QQQ 0 0 43 3.91
QQQ 1 0 37 3.91
QQQ 2 0 39 3.91
QQQ 3 0 37 3.91
QQQ 4 0 37 3.91
QQQ 5 0 44 3.91
QQQ 6 0 46 3.91
QQQ 7 0 44 3.91
QQQ 0 1 43 3.91
QQQ 1 1 45 3.91
QQQ 2 1 45 3.91
QQQ 3 1 41 3.91
QQQ 4 1 43 3.91
QQQ 5 1 44 3.91
QQQ 6 1 46 3.91
QQQ 7 1 44 3.91
QQQ 0 0 44 4.01
QQQ 1 0 38 4.01
QQQ 2 0 39 4.01
QQQ 3 0 36 4.01
QQQ 4 0 36 4.01
QQQ 5 0 44 4.01
QQQ 6 0 45 4.01
QQQ 7 0 44 4.01
QQQ 0 1 44 4.01
QQQ 1 1 45 4.01
QQQ 2 1 45 4.01
QQQ 3 1 41 4.01
QQQ 4 1 43 4.01
QQQ 5 1 45 4.01
QQQ 6 1 46 4.01
QQQ 7 1 44 4.01
QQQ 0 0 44 4.11
QQQ 1 0 38 4.11
QQQ 2 0 39 4.11
QQQ 3 0 36 4.11
QQQ 4 0 37 4.11
QQQ 5 0 44 4.11
QQQ 6 0 46 4.11
QQQ 7 0 45 4.11
QQQ 0 1 43 4.11
QQQ 1 1 45 4.11
QQQ 2 1 45 4.11
QQQ 3 1 40 4.11
QQQ 4 1 44 4.11
QQQ 5 1 44 4.11
QQQ 6 1 46 4.11
QQQ 7 1 44 4.11
QQQ 0 0 44 4.21
QQQ 1 0 38 4.21
QQQ 2 0 39 4.21
QQQ 3 0 36 4.21
QQQ 4 0 36 4.21
QQQ 5 0 44 4.21
QQQ 6 0 46 4.21
QQQ 7 0 45 4.21
QQQ 0 1 43 4.21
QQQ 1 1 46 4.21
QQQ 2 1 45 4.21
QQQ 3 1 41 4.21
QQQ 4 1 44 4.21
QQQ 5 1 45 4.21
QQQ 6 1 46 4.21
QQQ 7 1 45 4.21
QQQ 0 0 44 4.31
QQQ 1 0 38 4.31
QQQ 2 0 40 4.31
QQQ 3 0 36 4.31
QQQ 4 0 37 4.31
QQQ 5 0 45 4.31
QQQ 6 0 46 4.31
QQQ 7 0 45 4.31
QQQ 0 1 45 4.31
QQQ 1 1 46 4.31
QQQ 2 1 46 4.31
QQQ 3 1 41 4.31
QQQ 4 1 44 4.31
QQQ 5 1 44 4.31
QQQ 6 1 46 4.31
QQQ 7 1 44 4.31
QQQ 0 0 45 4.41
QQQ 1 0 39 4.41
QQQ 2 0 39 4.41
QQQ 3 0 36 4.41
QQQ 4 0 37 4.41
QQQ 5 0 45 4.41
QQQ 6 0 46 4.41
QQQ 7 0 44 4.41
QQQ 0 1 44 4.41
QQQ 1 1 45 4.41
QQQ 2 1 46 4.41
QQQ 3 1 40 4.41
QQQ 4 1 44 4.41
QQQ 5 1 45 4.41
QQQ 6 1 46 4.41
QQQ 7 1 45 4.41
QQQ 0 0 44 4.51
QQQ 1 0 38 4.51
QQQ 2 0 40 4.51
QQQ 3 0 38 4.51
QQQ 4 0 37 4.51
QQQ 5 0 45 4.51
QQQ 6 0 45 4.51
QQQ 7 0 45 4.51
QQQ 0 1 43 4.51
QQQ 1 1 46 4.51
QQQ 2 1 46 4.51
QQQ 3 1 41 4.51
QQQ 4 1 44 4.51
QQQ 5 1 44 4.51
QQQ 6 1 46 4.51
QQQ 7 1 45 4.51
QQQ 0 0 44 4.61
QQQ 1 0 38 4.61
QQQ 2 0 40 4.61
QQQ 3 0 36 4.61
QQQ 4 0 38 4.61
QQQ 5 0 46 4.61
QQQ 6 0 46 4.61
QQQ 7 0 45 4.61
QQQ 0 1 44 4.61
QQQ 1 1 45 4.61
QQQ 2 1 46 4.61
QQQ 3 1 41 4.61
QQQ 4 1 44 4.61
QQQ 5 1 44 4.61
QQQ 6 1 47 4.61
QQQ 7 1 45 4.61
QQQ 0 0 44 4.71
QQQ 1 0 38 4.71
QQQ 2 0 40 4.71
QQQ 3 0 37 4.71
QQQ 4 0 37 4.71
QQQ 5 0 45 4.71
QQQ 6 0 47 4.71
QQQ 7 0 44 4.71
QQQ 0 1 44 4.71
QQQ 1 1 45 4.71
QQQ 2 1 46 4.71
QQQ 3 1 41 4.71
QQQ 4 1 44 4.71
QQQ 5 1 45 4.71
QQQ 6 1 47 4.71
QQQ 7 1 45 4.71
QQQ 0 0 45 4.81
QQQ 1 0 38 4.81
QQQ 2 0 40 4.81
QQQ 3 0 37 4.81
QQQ 4 0 38 4.81
QQQ 5 0 45 4.81
QQQ 6 0 47 4.81
QQQ 7 0 45 4.81
QQQ 0 1 44 4.81
QQQ 1 1 46 4.81
QQQ 2 1 46 4.81
QQQ 3 1 41 4.81
QQQ 4 1 44 4.81
QQQ 5 1 45 4.81
QQQ 6 1 46 4.81
QQQ 7 1 45 4.81
QQQ 0 0 45 4.91
QQQ 1 0 39 4.91
QQQ 2 0 40 4.91
QQQ 3 0 36 4.91
QQQ 4 0 37 4.91
QQQ 5 0 46 4.91
QQQ 6 0 46 4.91
QQQ 7 0 45 4.91
QQQ 0 1 44 4.91
QQQ 1 1 46 4.91
QQQ 2 1 46 4.91
QQQ 3 1 41 4.91
QQQ 4 1 44 4.91
QQQ 5 1 45 4.91
QQQ 6 1 46 4.91
QQQ 7 1 45 4.91
QQQ 0 0 45 5.01
QQQ 1 0 39 5.01
QQQ 2 0 40 5.01
QQQ 3 0 36 5.01
QQQ 4 0 37 5.01
QQQ 5 0 45 5.01
QQQ 6 0 47 5.01
QQQ 7 0 45 5.01
QQQ 0 1 44 5.01
QQQ 1 1 46 5.01
QQQ 2 1 46 5.01
QQQ 3 1 41 5.01
QQQ 4 1 44 5.01
QQQ 5 1 45 5.01
QQQ 6 1 46 5.01
QQQ 7 1 45 5.01
QQQ 0 0 45 5.11
QQQ 1 0 39 5.11
QQQ 2 0 39 5.11
QQQ 3 0 37 5.11
QQQ 4 0 38 5.11
QQQ 5 0 45 5.11
QQQ 6 0 46 5.11
QQQ 7 0 45 5.11
QQQ 0 1 44 5.11
QQQ 1 1 46 5.11
QQQ 2 1 46 5.11
QQQ 3 1 41 5.11
QQQ 4 1 44 5.11
QQQ 5 1 45 5.11
QQQ 6 1 46 5.11
QQQ 7 1 45 5.11
QQQ 0 0 45 5.21
QQQ 1 0 39 5.21
QQQ 2 0 39 5.21
QQQ 3 0 37 5.21
QQQ 4 0 37 5.21
QQQ 5 0 45 5.21
QQQ 6 0 47 5.21
QQQ 7 0 45 5.21
QQQ 0 1 45 5.21
QQQ 1 1 46 5.21
QQQ 2 1 46 5.21
QQQ 3 1 41 5.21
QQQ 4 1 44 5.21
QQQ 5 1 45 5.21
QQQ 6 1 47 5.21
QQQ 7 1 45 5.21
QQQ 0 0 45 5.31
QQQ 1 0 39 5.31
QQQ 2 0 40 5.31
QQQ 3 0 37 5.31
QQQ 4 0 37 5.31
QQQ 5 0 45 5.31
QQQ 6 0 47 5.31
QQQ 7 0 45 5.31
QQQ 0 1 45 5.31
QQQ 1 1 46 5.31
QQQ 2 1 46 5.31
QQQ 3 1 41 5.31
QQQ 4 1 44 5.31
QQQ 5 1 46 5.31
QQQ 6 1 46 5.31
QQQ 7 1 45 5.31
QQQ 0 0 45 5.41
QQQ 1 0 39 5.41
QQQ 2 0 40 5.41
QQQ 3 0 38 5.41
QQQ 4 0 37 5.41
QQQ 5 0 46 5.41
QQQ 6 0 47 5.41
QQQ 7 0 46 5.41
QQQ 0 1 45 5.41
QQQ 1 1 46 5.41
QQQ 2 1 47 5.41
QQQ 3 1 42 5.41
QQQ 4 1 44 5.41
QQQ 5 1 45 5.41
QQQ 6 1 48 5.41
QQQ 7 1 45 5.41
QQQ 0 0 45 5.51
QQQ 1 0 39 5.51
QQQ 2 0 40 5.51
QQQ 3 0 38 5.51
QQQ 4 0 37 5.51
QQQ 5 0 46 5.51
QQQ 6 0 47 5.51
QQQ 7 0 46 5.51
QQQ 0 1 45 5.51
QQQ 1 1 47 5.51
QQQ 2 1 47 5.51
QQQ 3 1 42 5.51
QQQ 4 1 44 5.51
QQQ 5 1 45 5.51
QQQ 6 1 47 5.51
QQQ 7 1 45 5.51
QQQ 0 0 46 5.61
QQQ 1 0 39 5.61
QQQ 2 0 40 5.61
QQQ 3 0 37 5.61
QQQ 4 0 38 5.61
QQQ 5 0 46 5.61
QQQ 6 0 47 5.61
QQQ 7 0 46 5.61
QQQ 0 1 45 5.61
QQQ 1 1 47 5.61
QQQ 2 1 46 5.61
QQQ 3 1 42 5.61
QQQ 4 1 44 5.61
QQQ 5 1 45 5.61
QQQ 6 1 47 5.61
QQQ 7 1 45 5.61
QQQ 0 0 45 5.71
QQQ 1 0 38 5.71
QQQ 2 0 40 5.71
QQQ 3 0 38 5.71
QQQ 4 0 38 5.71
QQQ 5 0 45 5.71
QQQ 6 0 46 5.71
QQQ 7 0 45 5.71
QQQ 0 1 45 5.71
QQQ 1 1 46 5.71
QQQ 2 1 46 5.71
QQQ 3 1 42 5.71
QQQ 4 1 44 5.71
QQQ 5 1 46 5.71
QQQ 6 1 47 5.71
QQQ 7 1 46 5.71
QQQ 0 0 45 5.81
QQQ 1 0 38 5.81
QQQ 2 0 39 5.81
QQQ 3 0 36 5.81
QQQ 4 0 38 5.81
QQQ 5 0 46 5.81
QQQ 6 0 46 5.81
QQQ 7 0 45 5.81
QQQ 0 1 45 5.81
QQQ 1 1 46 5.81
QQQ 2 1 46 5.81
QQQ 3 1 42 5.81
QQQ 4 1 44 5.81
QQQ 5 1 45 5.81
QQQ 6 1 48 5.81
QQQ 7 1 45 5.81
QQQ 0 0 45 5.91
QQQ 1 0 38 5.91
QQQ 2 0 40 5.91
QQQ 3 0 37 5.91
QQQ 4 0 39 5.91
QQQ 5 0 46 5.91
QQQ 6 0 47 5.91
QQQ 7 0 47 5.91
QQQ 0 1 46 5.91
QQQ 1 1 46 5.91
QQQ 2 1 46 5.91
QQQ 3 1 42 5.91
QQQ 4 1 44 5.91
QQQ 5 1 46 5.91
QQQ 6 1 48 5.91
QQQ 7 1 46 5.91
QQQ 0 0 45 6.01
QQQ 1 0 38 6.01
QQQ 2 0 40 6.01
QQQ 3 0 37 6.01
QQQ 4 0 38 6.01
QQQ 5 0 46 6.01
QQQ 6 0 47 6.01
QQQ 7 0 45 6.01
QQQ 0 1 45 6.01
QQQ 1 1 47 6.01
QQQ 2 1 46 6.01
QQQ 3 1 42 6.01
QQQ 4 1 44 6.01
QQQ 5 1 45 6.01
QQQ 6 1 47 6.01
QQQ 7 1 46 6.01
QQQ 0 0 45 6.11
QQQ 1 0 39 6.11
QQQ 2 0 40 6.11
QQQ 3 0 37 6.11
QQQ 4 0 38 6.11
QQQ 5 0 47 6.11
QQQ 6 0 47 6.11
QQQ 7 0 45 6.11
QQQ 0 1 46 6.11
QQQ 1 1 47 6.11
QQQ 2 1 47 6.11
QQQ 3 1 42 6.11
QQQ 4 1 44 6.11
QQQ 5 1 46 6.11
QQQ 6 1 47 6.11
QQQ 7 1 46 6.11
QQQ 0 0 45 6.21
QQQ 1 0 39 6.21
QQQ 2 0 40 6.21
QQQ 3 0 38 6.21
QQQ 4 0 39 6.21
QQQ 5 0 46 6.21
QQQ 6 0 47 6.21
QQQ 7 0 45 6.21
QQQ 0 1 45 6.21
QQQ 1 1 47 6.21
QQQ 2 1 47 6.21
QQQ 3 1 42 6.21
QQQ 4 1 44 6.21
QQQ 5 1 45 6.21
QQQ 6 1 48 6.21
QQQ 7 1 46 6.21
QQQ 0 0 45 6.31
QQQ 1 0 38 6.31
QQQ 2 0 41 6.31
QQQ 3 0 38 6.31
QQQ 4 0 39 6.31
QQQ 5 0 47 6.31
QQQ 6 0 47 6.31
QQQ 7 0 45 6.31
QQQ 0 1 45 6.31
QQQ 1 1 46 6.31
QQQ 2 1 47 6.31
QQQ 3 1 42 6.31
QQQ 4 1 44 6.31
QQQ 5 1 46 6.31
QQQ 6 1 48 6.31
QQQ 7 1 46 6.31
QQQ 0 0 46 6.41
QQQ 1 0 39 6.41
QQQ 2 0 40 6.41
QQQ 3 0 37 6.41
QQQ 4 0 38 6.41
QQQ 5 0 46 6.41
QQQ 6 0 47 6.41
QQQ 7 0 45 6.41
QQQ 0 1 45 6.41
QQQ 1 1 47 6.41
QQQ 2 1 46 6.41
QQQ 3 1 43 6.41
QQQ 4 1 44 6.41
QQQ 5 1 45 6.41
QQQ 6 1 48 6.41
QQQ 7 1 46 6.41
QQQ 0 0 45 6.51
QQQ 1 0 39 6.51
QQQ 2 0 41 6.51
QQQ 3 0 38 6.51
QQQ 4 0 38 6.51
QQQ 5 0 46 6.51
QQQ 6 0 48 6.51
QQQ 7 0 46 6.51
QQQ 0 1 45 6.51
QQQ 1 1 46 6.51
QQQ 2 1 47 6.51
QQQ 3 1 43 6.51
QQQ 4 1 44 6.51
QQQ 5 1 46 6.51
QQQ 6 1 48 6.51
QQQ 7 1 46 6.51
QQQ 0 0 45 6.61
QQQ 1 0 39 6.61
QQQ 2 0 40 6.61
QQQ 3 0 38 6.61
QQQ 4 0 38 6.61
QQQ 5 0 46 6.61
QQQ 6 0 48 6.61
QQQ 7 0 46 6.61
QQQ 0 1 45 6.61
QQQ 1 1 47 6.61
QQQ 2 1 47 6.61
QQQ 3 1 42 6.61
QQQ 4 1 44 6.61
QQQ 5 1 45 6.61
QQQ 6 1 48 6.61
QQQ 7 1 46 6.61
QQQ 0 0 45 6.71
QQQ 1 0 39 6.71
QQQ 2 0 40 6.71
QQQ 3 0 38 6.71
QQQ 4 0 39 6.71
QQQ 5 0 46 6.71
QQQ 6 0 48 6.71
QQQ 7 0 46 6.71
QQQ 0 1 45 6.71
QQQ 1 1 46 6.71
QQQ 2 1 47 6.71
QQQ 3 1 42 6.71
QQQ 4 1 44 6.71
QQQ 5 1 46 6.71
QQQ 6 1 48 6.71
QQQ 7 1 46 6.71
QQQ 0 0 45 6.81
QQQ 1 0 39 6.81
QQQ 2 0 41 6.81
QQQ 3 0 37 6.81
QQQ 4 0 39 6.81
QQQ 5 0 45 6.81
QQQ 6 0 48 6.81
QQQ 7 0 46 6.81
QQQ 0 1 46 6.81
QQQ 1 1 47 6.81
QQQ 2 1 47 6.81
QQQ 3 1 43 6.81
QQQ 4 1 44 6.81
QQQ 5 1 45 6.81
QQQ 6 1 48 6.81
QQQ 7 1 46 6.81
QQQ 0 0 45 6.91
QQQ 1 0 39 6.91
QQQ 2 0 40 6.91
QQQ 3 0 38 6.91
QQQ 4 0 39 6.91
QQQ 5 0 47 6.91
QQQ 6 0 47 6.91
QQQ 7 0 46 6.91
QQQ 0 1 45 6.91
QQQ 1 1 47 6.91
QQQ 2 1 47 6.91
QQQ 3 1 43 6.91
QQQ 4 1 44 6.91
QQQ 5 1 46 6.91
QQQ 6 1 49 6.91
QQQ 7 1 46 6.91
QQQ 0 0 45 7.01
QQQ 1 0 39 7.01
QQQ 2 0 40 7.01
QQQ 3 0 38 7.01
QQQ 4 0 38 7.01
QQQ 5 0 46 7.01
QQQ 6 0 48 7.01
QQQ 7 0 46 7.01
QQQ 0 1 46 7.01
QQQ 1 1 47 7.01
QQQ 2 1 47 7.01
QQQ 3 1 43 7.01
QQQ 4 1 44 7.01
QQQ 5 1 45 7.01
QQQ 6 1 48 7.01
QQQ 7 1 46 7.01
QQQ 0 0 46 7.11
QQQ 1 0 39 7.11
QQQ 2 0 41 7.11
QQQ 3 0 38 7.11
QQQ 4 0 39 7.11
QQQ 5 0 47 7.11
QQQ 6 0 48 7.11
QQQ 7 0 46 7.11
QQQ 0 1 46 7.11
QQQ 1 1 47 7.11
QQQ 2 1 47 7.11
QQQ 3 1 43 7.11
QQQ 4 1 44 7.11
QQQ 5 1 47 7.11
QQQ 6 1 48 7.11
QQQ 7 1 46 7.11
QQQ 0 0 45 7.21
QQQ 1 0 39 7.21
QQQ 2 0 41 7.21
QQQ 3 0 39 7.21
QQQ 4 0 38 7.21
QQQ 5 0 46 7.21
QQQ 6 0 48 7.21
QQQ 7 0 46 7.21
QQQ 0 1 46 7.21
QQQ 1 1 47 7.21
QQQ 2 1 47 7.21
QQQ 3 1 42 7.21
QQQ 4 1 45 7.21
QQQ 5 1 46 7.21
QQQ 6 1 48 7.21
QQQ 7 1 46 7.21
QQQ 0 0 46 7.31
QQQ 1 0 39 7.31
QQQ 2 0 41 7.31
QQQ 3 0 38 7.31
QQQ 4 0 39 7.31
QQQ 5 0 46 7.31
QQQ 6 0 47 7.31
QQQ 7 0 46 7.31
QQQ 0 1 46 7.31
QQQ 1 1 47 7.31
QQQ 2 1 47 7.31
QQQ 3 1 43 7.31
QQQ 4 1 44 7.31
QQQ 5 1 46 7.31
QQQ 6 1 48 7.31
QQQ 7 1 46 7.31
QQQ 0 0 46 7.41
QQQ 1 0 39 7.41
QQQ 2 0 41 7.41
QQQ 3 0 38 7.41
QQQ 4 0 39 7.41
QQQ 5 0 46 7.41
QQQ 6 0 48 7.41
QQQ 7 0 46 7.41
QQQ 0 1 46 7.41
QQQ 1 1 47 7.41
QQQ 2 1 47 7.41
QQQ 3 1 43 7.41
QQQ 4 1 45 7.41
QQQ 5 1 47 7.41
QQQ 6 1 49 7.41
QQQ 7 1 46 7.41
QQQ 0 0 46 7.51
QQQ 1 0 39 7.51
QQQ 2 0 40 7.51
QQQ 3 0 39 7.51
QQQ 4 0 39 7.51
QQQ 5 0 47 7.51
QQQ 6 0 47 7.51
QQQ 7 0 46 7.51
QQQ 0 1 45 7.51
QQQ 1 1 47 7.51
QQQ 2 1 47 7.51
QQQ 3 1 43 7.51
QQQ 4 1 45 7.51
QQQ 5 1 46 7.51
QQQ 6 1 48 7.51
QQQ 7 1 46 7.51
QQQ 0 0 46 7.61
QQQ 1 0 39 7.61
QQQ 2 0 41 7.61
QQQ 3 0 38 7.61
QQQ 4 0 39 7.61
QQQ 5 0 47 7.61
QQQ 6 0 48 7.61
QQQ 7 0 46 7.61
QQQ 0 1 45 7.61
QQQ 1 1 47 7.61
QQQ 2 1 47 7.61
QQQ 3 1 42 7.61
QQQ 4 1 45 7.61
QQQ 5 1 46 7.61
QQQ 6 1 48 7.61
QQQ 7 1 47 7.61
QQQ 0 0 45 7.71
QQQ 1 0 39 7.71
QQQ 2 0 41 7.71
QQQ 3 0 38 7.71
QQQ 4 0 38 7.71
QQQ 5 0 47 7.71
QQQ 6 0 48 7.71
QQQ 7 0 46 7.71
QQQ 0 1 46 7.71
QQQ 1 1 47 7.71
QQQ 2 1 47 7.71
QQQ 3 1 43 7.71
QQQ 4 1 45 7.71
QQQ 5 1 47 7.71
QQQ 6 1 48 7.71
QQQ 7 1 47 7.71
QQQ 0 0 46 7.81
QQQ 1 0 39 7.81
QQQ 2 0 41 7.81
QQQ 3 0 39 7.81
QQQ 4 0 39 7.81
QQQ 5 0 46 7.81
QQQ 6 0 47 7.81
QQQ 7 0 47 7.81
QQQ 0 1 46 7.81
QQQ 1 1 48 7.81
QQQ 2 1 48 7.81
QQQ 3 1 43 7.81
QQQ 4 1 45 7.81
QQQ 5 1 46 7.81
QQQ 6 1 48 7.81
QQQ 7 1 47 7.81
QQQ 0 0 46 7.91
QQQ 1 0 39 7.91
QQQ 2 0 42 7.91
QQQ 3 0 39 7.91
QQQ 4 0 39 7.91
QQQ 5 0 46 7.91
QQQ 6 0 48 7.91
QQQ 7 0 47 7.91
QQQ 0 1 46 7.91
QQQ 1 1 47 7.91
QQQ 2 1 48 7.91
QQQ 3 1 43 7.91
QQQ 4 1 46 7.91
QQQ 5 1 47 7.91
QQQ 6 1 48 7.91
QQQ 7 1 47 7.91
QQQ 0 0 46 8.01
QQQ 1 0 39 8.01
QQQ 2 0 41 8.01
QQQ 3 0 39 8.01
QQQ 4 0 39 8.01
QQQ 5 0 47 8.01
QQQ 6 0 48 8.01
QQQ 7 0 46 8.01
QQQ 0 1 45 8.01
QQQ 1 1 47 8.01
QQQ 2 1 48 8.01
QQQ 3 1 43 8.01
QQQ 4 1 45 8.01
QQQ 5 1 47 8.01
QQQ 6 1 48 8.01
QQQ 7 1 47 8.01
QQQ 0 0 45 8.11
QQQ 1 0 39 8.11
QQQ 2 0 41 8.11
QQQ 3 0 38 8.11
QQQ 4 0 39 8.11
QQQ 5 0 47 8.11
QQQ 6 0 48 8.11
QQQ 7 0 46 8.11
QQQ 0 1 46 8.11
QQQ 1 1 48 8.11
QQQ 2 1 47 8.11
QQQ 3 1 42 8.11
QQQ 4 1 44 8.11
QQQ 5 1 47 8.11
QQQ 6 1 48 8.11
QQQ 7 1 46 8.11
QQQ 0 0 46 8.21
QQQ 1 0 39 8.21
QQQ 2 0 41 8.21
QQQ 3 0 38 8.21
QQQ 4 0 39 8.21
QQQ 5 0 47 8.21
QQQ 6 0 48 8.21
QQQ 7 0 47 8.21
QQQ 0 1 47 8.21
QQQ 1 1 48 8.21
QQQ 2 1 48 8.21
QQQ 3 1 44 8.21
QQQ 4 1 45 8.21
QQQ 5 1 47 8.21
QQQ 6 1 49 8.21
QQQ 7 1 47 8.21
QQQ 0 0 46 8.31
QQQ 1 0 40 8.31
QQQ 2 0 41 8.31
QQQ 3 0 38 8.31
QQQ 4 0 39 8.31
QQQ 5 0 47 8.31
QQQ 6 0 48 8.31
QQQ 7 0 47 8.31
QQQ 0 1 46 8.31
QQQ 1 1 48 8.31
QQQ 2 1 48 8.31
QQQ 3 1 44 8.31
QQQ 4 1 45 8.31
QQQ 5 1 47 8.31
QQQ 6 1 49 8.31
QQQ 7 1 47 8.31
QQQ 0 0 46 8.41
QQQ 1 0 40 8.41
QQQ 2 0 41 8.41
QQQ 3 0 39 8.41
QQQ 4 0 39 8.41
QQQ 5 0 47 8.41
QQQ 6 0 48 8.41
QQQ 7 0 47 8.41
QQQ 0 1 46 8.41
QQQ 1 1 48 8.41
QQQ 2 1 48 8.41
QQQ 3 1 44 8.41
QQQ 4 1 45 8.41
QQQ 5 1 47 8.41
QQQ 6 1 49 8.41
QQQ 7 1 47 8.41
QQQ 0 0 46 8.51
QQQ 1 0 40 8.51
QQQ 2 0 42 8.51
QQQ 3 0 39 8.51
QQQ 4 0 39 8.51
QQQ 5 0 46 8.51
QQQ 6 0 47 8.51
QQQ 7 0 47 8.51
QQQ 0 1 46 8.51
QQQ 1 1 48 8.51
QQQ 2 1 48 8.51
QQQ 3 1 44 8.51
QQQ 4 1 45 8.51
QQQ 5 1 47 8.51
QQQ 6 1 49 8.51
QQQ 7 1 47 8.51
QQQ 0 0 45 8.61
QQQ 1 0 39 8.61
QQQ 2 0 42 8.61
QQQ 3 0 39 8.61
QQQ 4 0 40 8.61
QQQ 5 0 47 8.61
QQQ 6 0 48 8.61
QQQ 7 0 46 8.61
QQQ 0 1 46 8.61
QQQ 1 1 48 8.61
QQQ 2 1 48 8.61
QQQ 3 1 44 8.61
QQQ 4 1 46 8.61
QQQ 5 1 48 8.61
QQQ 6 1 48 8.61
QQQ 7 1 47 8.61
QQQ 0 0 46 8.71
QQQ 1 0 40 8.71
QQQ 2 0 42 8.71
QQQ 3 0 39 8.71
QQQ 4 0 39 8.71
QQQ 5 0 46 8.71
QQQ 6 0 48 8.71
QQQ 7 0 47 8.71
QQQ 0 1 47 8.71
QQQ 1 1 48 8.71
QQQ 2 1 48 8.71
QQQ 3 1 44 8.71
QQQ 4 1 46 8.71
QQQ 5 1 48 8.71
QQQ 6 1 48 8.71
QQQ 7 1 47 8.71
QQQ 0 0 46 8.81
QQQ 1 0 40 8.81
QQQ 2 0 41 8.81
QQQ 3 0 39 8.81
QQQ 4 0 40 8.81
QQQ 5 0 47 8.82
QQQ 6 0 47 8.82
QQQ 7 0 47 8.82
QQQ 0 1 46 8.82
QQQ 1 1 47 8.82
QQQ 2 1 48 8.82
QQQ 3 1 44 8.82
QQQ 4 1 46 8.82
QQQ 5 1 46 8.82
QQQ 6 1 49 8.82
QQQ 7 1 47 8.82
QQQ 0 0 46 8.92
QQQ 1 0 40 8.92
QQQ 2 0 41 8.92
QQQ 3 0 38 8.92
QQQ 4 0 40 8.92
QQQ 5 0 47 8.92
QQQ 6 0 48 8.92
QQQ 7 0 46 8.92
QQQ 0 1 46 8.92
QQQ 1 1 48 8.92
QQQ 2 1 48 8.92
QQQ 3 1 45 8.92
QQQ 4 1 46 8.92
QQQ 5 1 47 8.92
QQQ 6 1 49 8.92
QQQ 7 1 47 8.92
QQQ 0 0 46 9.02
QQQ 1 0 40 9.02
QQQ 2 0 43 9.02
QQQ 3 0 39 9.02
QQQ 4 0 40 9.02
QQQ 5 0 46 9.02
QQQ 6 0 49 9.02
QQQ 7 0 46 9.02
QQQ 0 1 47 9.02
QQQ 1 1 48 9.02
QQQ 2 1 48 9.02
QQQ 3 1 44 9.02
QQQ 4 1 46 9.02
QQQ 5 1 46 9.02
QQQ 6 1 49 9.02
QQQ 7 1 47 9.02
QQQ 0 0 46 9.12
QQQ 1 0 40 9.12
QQQ 2 0 42 9.12
QQQ 3 0 39 9.12
QQQ 4 0 40 9.12
QQQ 5 0 47 9.12
QQQ 6 0 48 9.12
QQQ 7 0 47 9.12
QQQ 0 1 47 9.12
QQQ 1 1 48 9.12
QQQ 2 1 48 9.12
QQQ 3 1 44 9.12
QQQ 4 1 46 9.12
QQQ 5 1 47 9.12
QQQ 6 1 49 9.12
QQQ 7 1 48 9.12
QQQ 0 0 47 9.22
QQQ 1 0 40 9.22
QQQ 2 0 42 9.22
QQQ 3 0 38 9.22
QQQ 4 0 40 9.22
QQQ 5 0 47 9.22
QQQ 6 0 48 9.22
QQQ 7 0 46 9.22
QQQ 0 1 47 9.22
QQQ 1 1 48 9.22
QQQ 2 1 48 9.22
QQQ 3 1 44 9.22
QQQ 4 1 46 9.22
QQQ 5 1 48 9.22
QQQ 6 1 49 9.22
QQQ 7 1 47 9.22
QQQ 0 0 47 9.32
QQQ 1 0 39 9.32
QQQ 2 0 42 9.32
QQQ 3 0 39 9.32
QQQ 4 0 40 9.32
QQQ 5 0 47 9.32
QQQ 6 0 49 9.32
QQQ 7 0 47 9.32
QQQ 0 1 47 9.32
QQQ 1 1 48 9.32
QQQ 2 1 48 9.32
QQQ 3 1 44 9.32
QQQ 4 1 47 9.32
QQQ 5 1 47 9.32
QQQ 6 1 49 9.32
QQQ 7 1 47 9.32
QQQ 0 0 46 9.42
QQQ 1 0 39 9.42
QQQ 2 0 42 9.42
QQQ 3 0 39 9.42
QQQ 4 0 40 9.42
QQQ 5 0 47 9.42
QQQ 6 0 48 9.42
QQQ 7 0 46 9.42
QQQ 0 1 47 9.42
QQQ 1 1 48 9.42
QQQ 2 1 48 9.42
QQQ 3 1 44 9.42
QQQ 4 1 46 9.42
QQQ 5 1 47 9.42
QQQ 6 1 49 9.42
QQQ 7 1 47 9.42
QQQ 0 0 46 9.52
QQQ 1 0 41 9.52
QQQ 2 0 42 9.52
QQQ 3 0 38 9.52
QQQ 4 0 39 9.52
QQQ 5 0 47 9.52
QQQ 6 0 49 9.52
QQQ 7 0 47 9.52
QQQ 0 1 47 9.52
QQQ 1 1 47 9.52
QQQ 2 1 48 9.52
QQQ 3 1 44 9.52
QQQ 4 1 46 9.52
QQQ 5 1 48 9.52
QQQ 6 1 49 9.52
QQQ 7 1 47 9.52
QQQ 0 0 46 9.62
QQQ 1 0 40 9.62
QQQ 2 0 42 9.62
QQQ 3 0 39 9.62
QQQ 4 0 39 9.62
QQQ 5 0 47 9.62
QQQ 6 0 49 9.62
QQQ 7 0 47 9.62
QQQ 0 1 47 9.62
QQQ 1 1 48 9.62
QQQ 2 1 48 9.62
QQQ 3 1 44 9.62
QQQ 4 1 46 9.62
QQQ 5 1 48 9.62
QQQ 6 1 49 9.62
QQQ 7 1 47 9.62
QQQ 0 0 46 9.72
QQQ 1 0 40 9.72
QQQ 2 0 42 9.72
QQQ 3 0 38 9.72
QQQ 4 0 40 9.72
QQQ 5 0 46 9.72
QQQ 6 0 49 9.72
QQQ 7 0 47 9.72
QQQ 0 1 48 9.72
QQQ 1 1 48 9.72
QQQ 2 1 48 9.72
QQQ 3 1 44 9.72
QQQ 4 1 46 9.72
QQQ 5 1 47 9.72
QQQ 6 1 49 9.72
QQQ 7 1 47 9.72
QQQ 0 0 46 9.82
QQQ 1 0 40 9.82
QQQ 2 0 42 9.82
QQQ 3 0 39 9.82
QQQ 4 0 40 9.82
QQQ 5 0 47 9.82
QQQ 6 0 49 9.82
QQQ 7 0 47 9.82
QQQ 0 1 48 9.82
QQQ 1 1 49 9.82
QQQ 2 1 49 9.82
QQQ 3 1 45 9.82
QQQ 4 1 46 9.82
QQQ 5 1 47 9.82
QQQ 6 1 49 9.82
QQQ 7 1 48 9.82
QQQ 0 0 46 9.92
QQQ 1 0 39 9.92
QQQ 2 0 42 9.92
QQQ 3 0 39 9.92
QQQ 4 0 40 9.92
QQQ 5 0 47 9.92
QQQ 6 0 48 9.92
QQQ 7 0 47 9.92
QQQ 0 1 48 9.92
QQQ 1 1 48 9.92
QQQ 2 1 49 9.92
QQQ 3 1 44 9.92
QQQ 4 1 46 9.92
QQQ 5 1 47 9.92
QQQ 6 1 49 9.92
QQQ 7 1 48 9.92
QQQ 0 0 47 10.02
QQQ 1 0 40 10.02
QQQ 2 0 42 10.02
QQQ 3 0 39 10.02
QQQ 4 0 40 10.02
QQQ 5 0 47 10.02
QQQ 6 0 48 10.02
QQQ 7 0 48 10.02
QQQ 0 1 48 10.02
QQQ 1 1 49 10.02
QQQ 2 1 49 10.02
QQQ 3 1 44 10.02
QQQ 4 1 46 10.02
QQQ 5 1 47 10.02
QQQ 6 1 49 10.02
QQQ 7 1 48 10.02
QQQ 0 0 47 10.12
QQQ 1 0 40 10.12
QQQ 2 0 43 10.12
QQQ 3 0 39 10.12
QQQ 4 0 40 10.12
QQQ 5 0 47 10.12
QQQ 6 0 49 10.12
QQQ 7 0 47 10.12
QQQ 0 1 48 10.12
QQQ 1 1 48 10.12
QQQ 2 1 49 10.12
QQQ 3 1 45 10.12
QQQ 4 1 47 10.12
QQQ 5 1 48 10.12
QQQ 6 1 49 10.12
QQQ 7 1 48 10.12
QQQ 0 0 46 10.22
QQQ 1 0 40 10.22
QQQ 2 0 42 10.22
QQQ 3 0 39 10.22
QQQ 4 0 40 10.22
QQQ 5 0 48 10.22
QQQ 6 0 49 10.22
QQQ 7 0 47 10.22
QQQ 0 1 48 10.22
QQQ 1 1 48 10.22
QQQ 2 1 49 10.22
QQQ 3 1 45 10.22
QQQ 4 1 46 10.22
QQQ 5 1 48 10.22
QQQ 6 1 49 10.22
QQQ 7 1 47 10.22
QQQ 0 0 47 10.32
QQQ 1 0 40 10.32
QQQ 2 0 42 10.32
QQQ 3 0 39 10.32
QQQ 4 0 40 10.32
QQQ 5 0 47 10.32
QQQ 6 0 49 10.32
QQQ 7 0 47 10.32
QQQ 0 1 48 10.32
QQQ 1 1 48 10.32
QQQ 2 1 49 10.32
QQQ 3 1 45 10.32
QQQ 4 1 46 10.32
QQQ 5 1 48 10.32
QQQ 6 1 50 10.32
QQQ 7 1 47 10.32
QQQ 0 0 47 10.42
QQQ 1 0 40 10.42
QQQ 2 0 43 10.42
QQQ 3 0 39 10.42
QQQ 4 0 40 10.42
QQQ 5 0 48 10.42
QQQ 6 0 50 10.42
QQQ 7 0 47 10.42
QQQ 0 1 48 10.42
QQQ 1 1 49 10.42
QQQ 2 1 48 10.42
QQQ 3 1 45 10.42
QQQ 4 1 46 10.42
QQQ 5 1 48 10.42
QQQ 6 1 49 10.42
QQQ 7 1 48 10.42
QQQ 0 0 47 10.52
QQQ 1 0 40 10.52
QQQ 2 0 42 10.52
QQQ 3 0 39 10.52
QQQ 4 0 40 10.52
QQQ 5 0 48 10.52
QQQ 6 0 49 10.52
QQQ 7 0 47 10.52
QQQ 0 1 47 10.52
QQQ 1 1 49 10.52
QQQ 2 1 49 10.52
QQQ 3 1 45 10.52
QQQ 4 1 47 10.52
QQQ 5 1 49 10.52
QQQ 6 1 49 10.52
QQQ 7 1 47 10.52
QQQ 0 0 47 10.62
QQQ 1 0 39 10.62
QQQ 2 0 43 10.62
QQQ 3 0 39 10.62
QQQ 4 0 40 10.62
QQQ 5 0 48 10.62
QQQ 6 0 48 10.62
QQQ 7 0 47 10.62
QQQ 0 1 47 10.62
QQQ 1 1 49 10.62
QQQ 2 1 49 10.62
QQQ 3 1 45 10.62
QQQ 4 1 46 10.62
QQQ 5 1 49 10.62
QQQ 6 1 50 10.62
QQQ 7 1 47 10.62
QQQ 0 0 47 10.72
QQQ 1 0 40 10.72
QQQ 2 0 43 10.72
QQQ 3 0 39 10.72
QQQ 4 0 40 10.72
QQQ 5 0 48 10.72
QQQ 6 0 50 10.72
QQQ 7 0 47 10.72
QQQ 0 1 47 10.72
QQQ 1 1 49 10.72
QQQ 2 1 49 10.72
QQQ 3 1 45 10.72
QQQ 4 1 47 10.72
QQQ 5 1 48 10.72
QQQ 6 1 50 10.72
QQQ 7 1 48 10.72
QQQ 0 0 46 10.82
QQQ 1 0 39 10.82
QQQ 2 0 42 10.82
QQQ 3 0 39 10.82
QQQ 4 0 40 10.82
QQQ 5 0 47 10.82
QQQ 6 0 48 10.82
QQQ 7 0 47 10.82
QQQ 0 1 47 10.82
QQQ 1 1 49 10.82
QQQ 2 1 49 10.82
QQQ 3 1 45 10.82
QQQ 4 1 46 10.82
QQQ 5 1 49 10.82
QQQ 6 1 49 10.82
QQQ 7 1 48 10.82
QQQ 0 0 47 10.92
QQQ 1 0 40 10.92
QQQ 2 0 42 10.92
QQQ 3 0 39 10.92
QQQ 4 0 40 10.92
QQQ 5 0 47 10.92
QQQ 6 0 49 10.92
QQQ 7 0 47 10.92
QQQ 0 1 47 10.92
QQQ 1 1 48 10.92
QQQ 2 1 49 10.92
QQQ 3 1 45 10.92
QQQ 4 1 46 10.92
QQQ 5 1 49 10.92
QQQ 6 1 49 10.92
QQQ 7 1 48 10.92
QQQ 0 0 47 11.02
QQQ 1 0 39 11.02
QQQ 2 0 43 11.02
QQQ 3 0 39 11.02
QQQ 4 0 39 11.02
QQQ 5 0 47 11.02
QQQ 6 0 50 11.02
QQQ 7 0 47 11.02
QQQ 0 1 48 11.02
QQQ 1 1 48 11.02
QQQ 2 1 48 11.02
QQQ 3 1 44 11.02
QQQ 4 1 47 11.02
QQQ 5 1 48 11.02
QQQ 6 1 50 11.02
QQQ 7 1 48 11.02
QQQ 0 0 47 11.12
QQQ 1 0 40 11.12
QQQ 2 0 42 11.12
QQQ 3 0 40 11.12
QQQ 4 0 39 11.12
QQQ 5 0 48 11.12
QQQ 6 0 49 11.12
QQQ 7 0 47 11.12
QQQ 0 1 48 11.12
QQQ 1 1 49 11.12
QQQ 2 1 49 11.12
QQQ 3 1 45 11.12
QQQ 4 1 47 11.12
QQQ 5 1 48 11.12
QQQ 6 1 50 11.12
QQQ 7 1 48 11.12
QQQ 0 0 47 11.22
QQQ 1 0 41 11.22
QQQ 2 0 42 11.22
QQQ 3 0 39 11.22
QQQ 4 0 40 11.22
QQQ 5 0 48 11.22
QQQ 6 0 49 11.22
QQQ 7 0 48 11.22
QQQ 0 1 47 11.22
QQQ 1 1 49 11.22
QQQ 2 1 49 11.22
QQQ 3 1 45 11.22
QQQ 4 1 47 11.22
QQQ 5 1 49 11.22
QQQ 6 1 49 11.22
QQQ 7 1 48 11.22
QQQ 0 0 47 11.32
QQQ 1 0 41 11.32
QQQ 2 0 43 11.32
QQQ 3 0 40 11.32
QQQ 4 0 41 11.32
QQQ 5 0 47 11.32
QQQ 6 0 50 11.32
QQQ 7 0 48 11.32
QQQ 0 1 48 11.32
QQQ 1 1 49 11.32
QQQ 2 1 49 11.32
QQQ 3 1 45 11.32
QQQ 4 1 47 11.32
QQQ 5 1 48 11.32
QQQ 6 1 50 11.32
QQQ 7 1 48 11.32
QQQ 0 0 46 11.42
QQQ 1 0 41 11.42
QQQ 2 0 42 11.42
QQQ 3 0 39 11.42
QQQ 4 0 40 11.42
QQQ 5 0 48 11.42
QQQ 6 0 49 11.42
QQQ 7 0 47 11.42
QQQ 0 1 48 11.42
QQQ 1 1 49 11.42
QQQ 2 1 49 11.42
QQQ 3 1 45 11.42
QQQ 4 1 47 11.42
QQQ 5 1 48 11.42
QQQ 6 1 50 11.42
QQQ 7 1 48 11.42
QQQ 0 0 46 11.52
QQQ 1 0 41 11.52
QQQ 2 0 41 11.52
QQQ 3 0 39 11.52
QQQ 4 0 40 11.52
QQQ 5 0 48 11.52
QQQ 6 0 49 11.52
QQQ 7 0 47 11.52
QQQ 0 1 49 11.52
QQQ 1 1 48 11.52
QQQ 2 1 49 11.52
QQQ 3 1 45 11.52
QQQ 4 1 47 11.52
QQQ 5 1 48 11.52
QQQ 6 1 50 11.52
QQQ 7 1 48 11.52
QQQ 0 0 47 11.62
QQQ 1 0 41 11.62
QQQ 2 0 42 11.62
QQQ 3 0 40 11.62
QQQ 4 0 40 11.62
QQQ 5 0 48 11.62
QQQ 6 0 50 11.62
QQQ 7 0 48 11.62
QQQ 0 1 49 11.62
QQQ 1 1 49 11.62
QQQ 2 1 50 11.62
QQQ 3 1 46 11.62
QQQ 4 1 47 11.62
QQQ 5 1 49 11.62
QQQ 6 1 49 11.62
QQQ 7 1 48 11.62
QQQ 0 0 47 11.72
QQQ 1 0 40 11.72
QQQ 2 0 42 11.72
QQQ 3 0 40 11.72
QQQ 4 0 41 11.72
QQQ 5 0 48 11.72
QQQ 6 0 50 11.72
QQQ 7 0 48 11.72
QQQ 0 1 49 11.72
QQQ 1 1 49 11.72
QQQ 2 1 49 11.72
QQQ 3 1 45 11.72
QQQ 4 1 47 11.72
QQQ 5 1 49 11.72
QQQ 6 1 50 11.72
QQQ 7 1 48 11.72
QQQ 0 0 47 11.82
QQQ 1 0 41 11.82
QQQ 2 0 42 11.82
QQQ 3 0 40 11.82
QQQ 4 0 40 11.82
QQQ 5 0 48 11.82
QQQ 6 0 49 11.82
QQQ 7 0 47 11.82
QQQ 0 1 48 11.82
QQQ 1 1 49 11.82
QQQ 2 1 50 11.82
QQQ 3 1 45 11.82
QQQ 4 1 47 11.82
QQQ 5 1 48 11.82
QQQ 6 1 50 11.82
QQQ 7 1 49 11.82
QQQ 0 0 46 11.92
QQQ 1 0 41 11.92
QQQ 2 0 42 11.92
QQQ 3 0 39 11.92
QQQ 4 0 41 11.92
QQQ 5 0 48 11.92
QQQ 6 0 49 11.92
QQQ 7 0 47 11.92
QQQ 0 1 48 11.92
QQQ 1 1 50 11.92
QQQ 2 1 50 11.92
QQQ 3 1 45 11.92
QQQ 4 1 46 11.92
QQQ 5 1 48 11.92
QQQ 6 1 50 11.92
QQQ 7 1 48 11.92
QQQ 0 0 46 12.02
QQQ 1 0 41 12.02
QQQ 2 0 42 12.02
QQQ 3 0 39 12.02
QQQ 4 0 39 12.02
QQQ 5 0 48 12.02
QQQ 6 0 49 12.02
QQQ 7 0 47 12.02
QQQ 0 1 48 12.02
QQQ 1 1 49 12.02
QQQ 2 1 50 12.02
QQQ 3 1 44 12.02
QQQ 4 1 48 12.02
QQQ 5 1 48 12.02
QQQ 6 1 50 12.02
QQQ 7 1 48 12.02
QQQ 0 0 47 12.12
QQQ 1 0 41 12.12
QQQ 2 0 42 12.12
QQQ 3 0 40 12.12
QQQ 4 0 41 12.12
QQQ 5 0 48 12.12
QQQ 6 0 49 12.12
QQQ 7 0 48 12.12
QQQ 0 1 48 12.12
QQQ 1 1 49 12.12
QQQ 2 1 50 12.12
QQQ 3 1 45 12.12
QQQ 4 1 48 12.12
QQQ 5 1 49 12.12
QQQ 6 1 50 12.12
QQQ 7 1 49 12.12
QQQ 0 0 47 12.22
QQQ 1 0 41 12.22
QQQ 2 0 43 12.22
QQQ 3 0 40 12.22
QQQ 4 0 41 12.22
QQQ 5 0 49 12.22
QQQ 6 0 49 12.22
QQQ 7 0 48 12.22
QQQ 0 1 48 12.22
QQQ 1 1 49 12.22
QQQ 2 1 50 12.22
QQQ 3 1 45 12.22
QQQ 4 1 47 12.22
QQQ 5 1 49 12.22
QQQ 6 1 51 12.22
QQQ 7 1 48 12.22
QQQ 0 0 47 12.32
QQQ 1 0 42 12.32
QQQ 2 0 43 12.32
QQQ 3 0 40 12.32
QQQ 4 0 40 12.32
QQQ 5 0 48 12.32
QQQ 6 0 49 12.32
QQQ 7 0 48 12.32
QQQ 0 1 49 12.32
QQQ 1 1 50 12.32
QQQ 2 1 50 12.32
QQQ 3 1 45 12.32
QQQ 4 1 47 12.32
QQQ 5 1 49 12.32
QQQ 6 1 50 12.32
QQQ 7 1 48 12.32
QQQ 0 0 47 12.42
QQQ 1 0 41 12.42
QQQ 2 0 42 12.42
QQQ 3 0 40 12.42
QQQ 4 0 41 12.42
QQQ 5 0 49 12.42
QQQ 6 0 49 12.42
QQQ 7 0 48 12.42
QQQ 0 1 48 12.42
QQQ 1 1 50 12.42
QQQ 2 1 50 12.42
QQQ 3 1 45 12.42
QQQ 4 1 48 12.42
QQQ 5 1 48 12.42
QQQ 6 1 50 12.42
QQQ 7 1 49 12.42
QQQ 0 0 47 12.52
QQQ 1 0 41 12.52
QQQ 2 0 43 12.52
QQQ 3 0 40 12.52
QQQ 4 0 40 12.52
QQQ 5 0 49 12.52
QQQ 6 0 50 12.52
QQQ 7 0 48 12.52
QQQ 0 1 48 12.52
QQQ 1 1 50 12.52
QQQ 2 1 49 12.52
QQQ 3 1 45 12.52
QQQ 4 1 48 12.52
QQQ 5 1 49 12.52
QQQ 6 1 50 12.52
QQQ 7 1 49 12.52
QQQ 0 0 48 12.62
QQQ 1 0 41 12.62
QQQ 2 0 43 12.62
QQQ 3 0 40 12.62
QQQ 4 0 41 12.62
QQQ 5 0 48 12.62
QQQ 6 0 50 12.62
QQQ 7 0 48 12.62
QQQ 0 1 49 12.62
QQQ 1 1 50 12.62
QQQ 2 1 50 12.62
QQQ 3 1 45 12.62
QQQ 4 1 47 12.62
QQQ 5 1 49 12.62
QQQ 6 1 51 12.62
QQQ 7 1 48 12.62
QQQ 0 0 48 12.72
QQQ 1 0 41 12.72
QQQ 2 0 43 12.72
QQQ 3 0 39 12.72
QQQ 4 0 40 12.72
QQQ 5 0 47 12.72
QQQ 6 0 49 12.72
QQQ 7 0 48 12.72
QQQ 0 1 48 12.72
QQQ 1 1 50 12.72
QQQ 2 1 50 12.72
QQQ 3 1 46 12.72
QQQ 4 1 48 12.72
QQQ 5 1 49 12.72
QQQ 6 1 50 12.72
QQQ 7 1 49 12.72
QQQ 0 0 47 12.82
QQQ 1 0 42 12.82
QQQ 2 0 43 12.82
QQQ 3 0 40 12.82
QQQ 4 0 41 12.82
QQQ 5 0 48 12.82
QQQ 6 0 50 12.82
QQQ 7 0 48 12.82
QQQ 0 1 49 12.82
QQQ 1 1 50 12.82
QQQ 2 1 50 12.82
QQQ 3 1 45 12.82
QQQ 4 1 47 12.82
QQQ 5 1 50 12.82
QQQ 6 1 51 12.82
QQQ 7 1 49 12.82
QQQ 0 0 47 12.92
QQQ 1 0 41 12.92
QQQ 2 0 42 12.92
QQQ 3 0 40 12.92
QQQ 4 0 41 12.92
QQQ 5 0 48 12.92
QQQ 6 0 50 12.92
QQQ 7 0 47 12.92
QQQ 0 1 48 12.92
QQQ 1 1 50 12.92
QQQ 2 1 49 12.92
QQQ 3 1 45 12.92
QQQ 4 1 47 12.92
QQQ 5 1 49 12.92
QQQ 6 1 51 12.92
QQQ 7 1 49 12.92
QQQ 0 0 47 13.02
QQQ 1 0 41 13.02
QQQ 2 0 42 13.02
QQQ 3 0 40 13.02
QQQ 4 0 41 13.02
QQQ 5 0 48 13.02
QQQ 6 0 50 13.02
QQQ 7 0 48 13.02
QQQ 0 1 48 13.02
QQQ 1 1 49 13.02
QQQ 2 1 50 13.02
QQQ 3 1 46 13.02
QQQ 4 1 47 13.02
QQQ 5 1 49 13.02
QQQ 6 1 51 13.02
QQQ 7 1 49 13.02
QQQ 0 0 47 13.12
QQQ 1 0 41 13.12
QQQ 2 0 43 13.12
QQQ 3 0 40 13.12
QQQ 4 0 41 13.12
QQQ 5 0 48 13.12
QQQ 6 0 49 13.12
QQQ 7 0 48 13.12
QQQ 0 1 49 13.12
QQQ 1 1 50 13.12
QQQ 2 1 50 13.12
QQQ 3 1 46 13.12
QQQ 4 1 48 13.12
QQQ 5 1 49 13.12
QQQ 6 1 51 13.12
QQQ 7 1 48 13.12
QQQ 0 0 47 13.22
QQQ 1 0 41 13.22
QQQ 2 0 42 13.22
QQQ 3 0 40 13.22
QQQ 4 0 41 13.22
QQQ 5 0 48 13.22
QQQ 6 0 50 13.22
QQQ 7 0 48 13.22
QQQ 0 1 48 13.22
QQQ 1 1 50 13.22
QQQ 2 1 50 13.22
QQQ 3 1 46 13.22
QQQ 4 1 48 13.22
QQQ 5 1 50 13.22
QQQ 6 1 51 13.22
QQQ 7 1 48 13.22
QQQ 0 0 47 13.32
QQQ 1 0 42 13.32
QQQ 2 0 43 13.32
QQQ 3 0 40 13.32
QQQ 4 0 40 13.32
QQQ 5 0 48 13.32
QQQ 6 0 49 13.32
QQQ 7 0 49 13.32
QQQ 0 1 48 13.32
QQQ 1 1 49 13.32
QQQ 2 1 50 13.32
QQQ 3 1 45 13.32
QQQ 4 1 48 13.32
QQQ 5 1 49 13.32
QQQ 6 1 51 13.32
QQQ 7 1 49 13.32
QQQ 0 0 47 13.42
QQQ 1 0 41 13.42
QQQ 2 0 43 13.42
QQQ 3 0 39 13.42
QQQ 4 0 41 13.42
QQQ 5 0 49 13.42
QQQ 6 0 49 13.42
QQQ 7 0 49 13.42
QQQ 0 1 48 13.42
QQQ 1 1 50 13.42
QQQ 2 1 50 13.42
QQQ 3 1 46 13.42
QQQ 4 1 48 13.42
QQQ 5 1 49 13.42
QQQ 6 1 50 13.42
QQQ 7 1 48 13.42
QQQ 0 0 47 13.52
QQQ 1 0 41 13.52
QQQ 2 0 43 13.52
QQQ 3 0 39 13.52
QQQ 4 0 41 13.52
QQQ 5 0 49 13.52
QQQ 6 0 50 13.52
QQQ 7 0 49 13.52
QQQ 0 1 48 13.52
QQQ 1 1 50 13.52
QQQ 2 1 51 13.52
QQQ 3 1 46 13.52
QQQ 4 1 48 13.52
QQQ 5 1 50 13.52
QQQ 6 1 51 13.52
QQQ 7 1 49 13.52
QQQ 0 0 47 13.62
QQQ 1 0 41 13.62
QQQ 2 0 43 13.62
QQQ 3 0 40 13.62
QQQ 4 0 42 13.62
QQQ 5 0 49 13.62
QQQ 6 0 49 13.62
QQQ 7 0 49 13.62
QQQ 0 1 49 13.62
QQQ 1 1 49 13.62
QQQ 2 1 50 13.62
QQQ 3 1 46 13.62
QQQ 4 1 47 13.62
QQQ 5 1 49 13.62
QQQ 6 1 51 13.62
QQQ 7 1 49 13.62
QQQ 0 0 47 13.72
QQQ 1 0 40 13.72
QQQ 2 0 43 13.72
QQQ 3 0 40 13.72
QQQ 4 0 41 13.72
QQQ 5 0 48 13.72
QQQ 6 0 50 13.72
QQQ 7 0 50 13.72
QQQ 0 1 49 13.72
QQQ 1 1 50 13.72
QQQ 2 1 50 13.72
QQQ 3 1 45 13.72
QQQ 4 1 48 13.72
QQQ 5 1 49 13.72
QQQ 6 1 52 13.72
QQQ 7 1 49 13.72
QQQ 0 0 47 13.82
QQQ 1 0 41 13.82
QQQ 2 0 43 13.82
QQQ 3 0 40 13.82
QQQ 4 0 42 13.82
QQQ 5 0 48 13.82
QQQ 6 0 49 13.82
QQQ 7 0 49 13.82
QQQ 0 1 49 13.82
QQQ 1 1 50 13.82
QQQ 2 1 50 13.82
QQQ 3 1 46 13.82
QQQ 4 1 48 13.82
QQQ 5 1 49 13.82
QQQ 6 1 51 13.82
QQQ 7 1 49 13.82
QQQ 0 0 47 13.92
QQQ 1 0 41 13.92
QQQ 2 0 43 13.92
QQQ 3 0 40 13.92
QQQ 4 0 41 13.92
QQQ 5 0 49 13.92
QQQ 6 0 50 13.92
QQQ 7 0 49 13.92
QQQ 0 1 49 13.92
QQQ 1 1 50 13.92
QQQ 2 1 50 13.92
QQQ 3 1 45 13.92
QQQ 4 1 48 13.92
QQQ 5 1 50 13.92
QQQ 6 1 51 13.92
QQQ 7 1 50 13.92
QQQ 0 0 47 14.02
QQQ 1 0 41 14.02
QQQ 2 0 44 14.02
QQQ 3 0 40 14.02
QQQ 4 0 41 14.02
QQQ 5 0 49 14.02
QQQ 6 0 50 14.02
QQQ 7 0 50 14.02
QQQ 0 1 49 14.02
QQQ 1 1 50 14.02
QQQ 2 1 50 14.02
QQQ 3 1 45 14.02
QQQ 4 1 49 14.02
QQQ 5 1 50 14.02
QQQ 6 1 51 14.02
QQQ 7 1 49 14.02
QQQ 0 0 47 14.12
QQQ 1 0 42 14.12
QQQ 2 0 44 14.12
QQQ 3 0 40 14.12
QQQ 4 0 42 14.12
QQQ 5 0 49 14.12
QQQ 6 0 50 14.12
QQQ 7 0 48 14.12
QQQ 0 1 49 14.12
QQQ 1 1 51 14.12
QQQ 2 1 50 14.12
QQQ 3 1 46 14.12
QQQ 4 1 48 14.12
QQQ 5 1 49 14.12
QQQ 6 1 51 14.12
QQQ 7 1 50 14.12
QQQ 0 0 47 14.22
QQQ 1 0 42 14.22
QQQ 2 0 44 14.22
QQQ 3 0 40 14.22
QQQ 4 0 42 14.22
QQQ 5 0 49 14.22
QQQ 6 0 50 14.22
QQQ 7 0 49 14.22
QQQ 0 1 49 14.22
QQQ 1 1 50 14.22
QQQ 2 1 50 14.22
QQQ 3 1 45 14.22
QQQ 4 1 49 14.22
QQQ 5 1 50 14.22
QQQ 6 1 51 14.22
QQQ 7 1 50 14.22
QQQ 0 0 48 14.32
QQQ 1 0 41 14.32
QQQ 2 0 44 14.32
QQQ 3 0 39 14.32
QQQ 4 0 41 14.32
QQQ 5 0 49 14.32
QQQ 6 0 50 14.32
QQQ 7 0 49 14.32
QQQ 0 1 49 14.32
QQQ 1 1 50 14.32
QQQ 2 1 50 14.32
QQQ 3 1 46 14.32
QQQ 4 1 48 14.32
QQQ 5 1 49 14.32
QQQ 6 1 52 14.32
QQQ 7 1 50 14.32
QQQ 0 0 48 14.42
QQQ 1 0 42 14.42
QQQ 2 0 44 14.42
QQQ 3 0 40 14.42
QQQ 4 0 41 14.42
QQQ 5 0 49 14.42
QQQ 6 0 50 14.42
QQQ 7 0 48 14.42
QQQ 0 1 49 14.42
QQQ 1 1 51 14.42
QQQ 2 1 50 14.42
QQQ 3 1 46 14.42
QQQ 4 1 49 14.42
QQQ 5 1 50 14.42
QQQ 6 1 51 14.42
QQQ 7 1 50 14.42
QQQ 0 0 48 14.52
QQQ 1 0 42 14.52
QQQ 2 0 44 14.52
QQQ 3 0 41 14.52
QQQ 4 0 41 14.52
QQQ 5 0 49 14.52
QQQ 6 0 50 14.52
QQQ 7 0 49 14.52
QQQ 0 1 49 14.52
QQQ 1 1 50 14.52
QQQ 2 1 50 14.52
QQQ 3 1 46 14.52
QQQ 4 1 48 14.52
QQQ 5 1 50 14.52
QQQ 6 1 52 14.52
QQQ 7 1 49 14.52
QQQ 0 0 48 14.62
QQQ 1 0 42 14.62
QQQ 2 0 43 14.62
QQQ 3 0 41 14.62
QQQ 4 0 42 14.62
QQQ 5 0 49 14.62
QQQ 6 0 50 14.62
QQQ 7 0 49 14.62
QQQ 0 1 49 14.62
QQQ 1 1 50 14.62
QQQ 2 1 50 14.62
QQQ 3 1 45 14.62
QQQ 4 1 49 14.62
QQQ 5 1 50 14.62
QQQ 6 1 51 14.62
QQQ 7 1 49 14.62
QQQ 0 0 47 14.72
QQQ 1 0 42 14.72
QQQ 2 0 43 14.72
QQQ 3 0 40 14.72
QQQ 4 0 42 14.72
QQQ 5 0 49 14.73
QQQ 6 0 51 14.73
QQQ 7 0 50 14.73
QQQ 0 1 49 14.73
QQQ 1 1 50 14.73
QQQ 2 1 50 14.73
QQQ 3 1 45 14.73
QQQ 4 1 48 14.73
QQQ 5 1 50 14.73
QQQ 6 1 51 14.73
QQQ 7 1 49 14.73
QQQ 0 0 47 14.83
QQQ 1 0 42 14.83
QQQ 2 0 43 14.83
QQQ 3 0 40 14.83
QQQ 4 0 41 14.83
QQQ 5 0 49 14.83
QQQ 6 0 50 14.83
QQQ 7 0 50 14.83
QQQ 0 1 49 14.83
QQQ 1 1 51 14.83
QQQ 2 1 51 14.83
QQQ 3 1 46 14.83
QQQ 4 1 48 14.83
QQQ 5 1 50 14.83
QQQ 6 1 52 14.83
QQQ 7 1 49 14.83
QQQ 0 0 47 14.93
QQQ 1 0 42 14.93
QQQ 2 0 43 14.93
QQQ 3 0 40 14.93
QQQ 4 0 42 14.93
QQQ 5 0 49 14.93
QQQ 6 0 50 14.93
QQQ 7 0 49 14.93
QQQ 0 1 49 14.93
QQQ 1 1 50 14.93
QQQ 2 1 50 14.93
QQQ 3 1 47 14.93
QQQ 4 1 48 14.93
QQQ 5 1 49 14.93
QQQ 6 1 51 14.93
QQQ 7 1 49 14.93
QQQ 0 0 48 15.03
QQQ 1 0 42 15.03
QQQ 2 0 43 15.03
QQQ 3 0 40 15.03
QQQ 4 0 42 15.03
QQQ 5 0 49 15.03
QQQ 6 0 50 15.03
QQQ 7 0 49 15.03
QQQ 0 1 49 15.03
QQQ 1 1 50 15.03
QQQ 2 1 51 15.03
QQQ 3 1 46 15.03
QQQ 4 1 49 15.03
QQQ 5 1 49 15.03
QQQ 6 1 52 15.03
QQQ 7 1 49 15.03
QQQ 0 0 48 15.13
QQQ 1 0 41 15.13
QQQ 2 0 44 15.13
QQQ 3 0 40 15.13
QQQ 4 0 42 15.13
QQQ 5 0 49 15.13
QQQ 6 0 50 15.13
QQQ 7 0 49 15.13
QQQ 0 1 49 15.13
QQQ 1 1 51 15.13
QQQ 2 1 50 15.13
QQQ 3 1 47 15.13
QQQ 4 1 49 15.13
QQQ 5 1 51 15.13
QQQ 6 1 51 15.13
QQQ 7 1 49 15.13
QQQ 0 0 48 15.23
QQQ 1 0 42 15.23
QQQ 2 0 43 15.23
QQQ 3 0 40 15.23
QQQ 4 0 42 15.23
QQQ 5 0 49 15.23
QQQ 6 0 50 15.23
QQQ 7 0 49 15.23
QQQ 0 1 49 15.23
QQQ 1 1 50 15.23
QQQ 2 1 51 15.23
QQQ 3 1 46 15.23
QQQ 4 1 49 15.23
QQQ 5 1 50 15.23
QQQ 6 1 52 15.23
QQQ 7 1 49 15.23
QQQ 0 0 48 15.33
QQQ 1 0 42 15.33
QQQ 2 0 44 15.33
QQQ 3 0 40 15.33
QQQ 4 0 42 15.33
QQQ 5 0 49 15.33
QQQ 6 0 50 15.33
QQQ 7 0 50 15.33
QQQ 0 1 49 15.33
QQQ 1 1 51 15.33
QQQ 2 1 51 15.33
QQQ 3 1 46 15.33
QQQ 4 1 49 15.33
QQQ 5 1 50 15.33
QQQ 6 1 52 15.33
QQQ 7 1 50 15.33
QQQ 0 0 48 15.43
QQQ 1 0 42 15.43
QQQ 2 0 44 15.43
QQQ 3 0 41 15.43
QQQ 4 0 42 15.43
QQQ 5 0 50 15.43
QQQ 6 0 50 15.43
QQQ 7 0 49 15.43
QQQ 0 1 49 15.43
QQQ 1 1 51 15.43
QQQ 2 1 51 15.43
QQQ 3 1 46 15.43
QQQ 4 1 49 15.43
QQQ 5 1 49 15.43
QQQ 6 1 52 15.43
QQQ 7 1 50 15.43
QQQ 0 0 48 15.53
QQQ 1 0 42 15.53
QQQ 2 0 43 15.53
QQQ 3 0 41 15.53
QQQ 4 0 42 15.53
QQQ 5 0 50 15.53
QQQ 6 0 50 15.53
QQQ 7 0 49 15.53
QQQ 0 1 49 15.53
QQQ 1 1 50 15.53
QQQ 2 1 51 15.53
QQQ 3 1 46 15.53
QQQ 4 1 48 15.53
QQQ 5 1 50 15.53
QQQ 6 1 52 15.53
QQQ 7 1 50 15.53
QQQ 0 0 47 15.63
QQQ 1 0 42 15.63
QQQ 2 0 44 15.63
QQQ 3 0 40 15.63
QQQ 4 0 41 15.63
QQQ 5 0 50 15.63
QQQ 6 0 50 15.63
QQQ 7 0 50 15.63
QQQ 0 1 49 15.63
QQQ 1 1 51 15.63
QQQ 2 1 51 15.63
QQQ 3 1 47 15.63
QQQ 4 1 49 15.63
QQQ 5 1 50 15.63
QQQ 6 1 52 15.63
QQQ 7 1 50 15.63
QQQ 0 0 48 15.73
QQQ 1 0 42 15.73
QQQ 2 0 44 15.73
QQQ 3 0 41 15.73
QQQ 4 0 42 15.73
QQQ 5 0 50 15.73
QQQ 6 0 50 15.73
QQQ 7 0 50 15.73
QQQ 0 1 49 15.73
QQQ 1 1 51 15.73
QQQ 2 1 51 15.73
QQQ 3 1 47 15.73
QQQ 4 1 48 15.73
QQQ 5 1 50 15.73
QQQ 6 1 52 15.73
QQQ 7 1 49 15.73
QQQ 0 0 49 15.83
QQQ 1 0 42 15.83
QQQ 2 0 44 15.83
QQQ 3 0 40 15.83
QQQ 4 0 42 15.83
QQQ 5 0 49 15.83
QQQ 6 0 51 15.83
QQQ 7 0 50 15.83
QQQ 0 1 50 15.83
QQQ 1 1 51 15.83
QQQ 2 1 51 15.83
QQQ 3 1 47 15.83
QQQ 4 1 49 15.83
QQQ 5 1 49 15.83
QQQ 6 1 52 15.83
QQQ 7 1 51 15.83
QQQ 0 0 47 15.93
QQQ 1 0 41 15.93
QQQ 2 0 43 15.93
QQQ 3 0 41 15.93
QQQ 4 0 42 15.93
QQQ 5 0 49 15.93
QQQ 6 0 51 15.93
QQQ 7 0 50 15.93
QQQ 0 1 49 15.93
QQQ 1 1 51 15.93
QQQ 2 1 51 15.93
QQQ 3 1 46 15.93
QQQ 4 1 49 15.93
QQQ 5 1 50 15.93
QQQ 6 1 52 15.93
QQQ 7 1 50 15.93
QQQ 0 0 48 16.03
QQQ 1 0 41 16.03
QQQ 2 0 44 16.03
QQQ 3 0 41 16.03
QQQ 4 0 42 16.03
QQQ 5 0 49 16.03
QQQ 6 0 51 16.03
QQQ 7 0 50 16.03
QQQ 0 1 50 16.03
QQQ 1 1 51 16.03
QQQ 2 1 51 16.03
QQQ 3 1 47 16.03
QQQ 4 1 49 16.03
QQQ 5 1 51 16.03
QQQ 6 1 52 16.03
QQQ 7 1 50 16.03
QQQ 0 0 48 16.13
QQQ 1 0 43 16.13
QQQ 2 0 44 16.13
QQQ 3 0 41 16.13
QQQ 4 0 42 16.13
QQQ 5 0 49 16.13
QQQ 6 0 51 16.13
QQQ 7 0 50 16.13
QQQ 0 1 50 16.13
QQQ 1 1 51 16.13
QQQ 2 1 51 16.13
QQQ 3 1 46 16.13
QQQ 4 1 49 16.13
QQQ 5 1 51 16.13
QQQ 6 1 53 16.13
QQQ 7 1 50 16.13
QQQ 0 0 48 16.23
QQQ 1 0 42 16.23
QQQ 2 0 44 16.23
QQQ 3 0 41 16.23
QQQ 4 0 43 16.23
QQQ 5 0 49 16.23
QQQ 6 0 50 16.23
QQQ 7 0 50 16.23
QQQ 0 1 50 16.23
QQQ 1 1 51 16.23
QQQ 2 1 51 16.23
QQQ 3 1 46 16.23
QQQ 4 1 49 16.23
QQQ 5 1 50 16.23
QQQ 6 1 51 16.23
QQQ 7 1 50 16.23
QQQ 0 0 48 16.33
QQQ 1 0 42 16.33
QQQ 2 0 44 16.33
QQQ 3 0 41 16.33
QQQ 4 0 42 16.33
QQQ 5 0 49 16.33
QQQ 6 0 50 16.33
QQQ 7 0 50 16.33
QQQ 0 1 50 16.33
QQQ 1 1 51 16.33
QQQ 2 1 51 16.33
QQQ 3 1 47 16.33
QQQ 4 1 49 16.33
QQQ 5 1 51 16.33
QQQ 6 1 52 16.33
QQQ 7 1 50 16.33
QQQ 0 0 48 16.43
QQQ 1 0 42 16.43
QQQ 2 0 44 16.43
QQQ 3 0 40 16.43
QQQ 4 0 43 16.43
QQQ 5 0 49 16.43
QQQ 6 0 50 16.43
QQQ 7 0 50 16.43
QQQ 0 1 50 16.43
QQQ 1 1 51 16.43
QQQ 2 1 51 16.43
QQQ 3 1 46 16.43
QQQ 4 1 49 16.43
QQQ 5 1 51 16.43
QQQ 6 1 52 16.43
QQQ 7 1 50 16.43
QQQ 0 0 48 16.53
QQQ 1 0 42 16.53
QQQ 2 0 43 16.53
QQQ 3 0 41 16.53
QQQ 4 0 43 16.53
QQQ 5 0 49 16.53
QQQ 6 0 51 16.53
QQQ 7 0 50 16.53
QQQ 0 1 50 16.53
QQQ 1 1 51 16.53
QQQ 2 1 51 16.53
QQQ 3 1 46 16.53
QQQ 4 1 49 16.53
QQQ 5 1 51 16.53
QQQ 6 1 52 16.53
QQQ 7 1 50 16.53
QQQ 0 0 48 16.63
QQQ 1 0 42 16.63
QQQ 2 0 44 16.63
QQQ 3 0 41 16.63
QQQ 4 0 43 16.63
QQQ 5 0 50 16.63
QQQ 6 0 51 16.63
QQQ 7 0 50 16.63
QQQ 0 1 50 16.63
QQQ 1 1 52 16.63
QQQ 2 1 51 16.63
QQQ 3 1 47 16.63
QQQ 4 1 50 16.63
QQQ 5 1 51 16.63
QQQ 6 1 52 16.63
QQQ 7 1 49 16.63
QQQ 0 0 48 16.73
QQQ 1 0 42 16.73
QQQ 2 0 44 16.73
QQQ 3 0 41 16.73
QQQ 4 0 42 16.73
QQQ 5 0 49 16.73
QQQ 6 0 50 16.73
QQQ 7 0 51 16.73
QQQ 0 1 49 16.73
QQQ 1 1 51 16.73
QQQ 2 1 51 16.73
QQQ 3 1 47 16.73
QQQ 4 1 49 16.73
QQQ 5 1 50 16.73
QQQ 6 1 52 16.73
QQQ 7 1 50 16.73
QQQ 0 0 48 16.83
QQQ 1 0 42 16.83
QQQ 2 0 44 16.83
QQQ 3 0 41 16.83
QQQ 4 0 42 16.83
QQQ 5 0 50 16.83
QQQ 6 0 50 16.83
QQQ 7 0 49 16.83
QQQ 0 1 50 16.83
QQQ 1 1 52 16.83
QQQ 2 1 51 16.83
QQQ 3 1 47 16.83
QQQ 4 1 49 16.83
QQQ 5 1 51 16.83
QQQ 6 1 52 16.83
QQQ 7 1 50 16.83
QQQ 0 0 48 16.93
QQQ 1 0 43 16.93
QQQ 2 0 44 16.93
QQQ 3 0 41 16.93
QQQ 4 0 43 16.93
QQQ 5 0 50 16.93
QQQ 6 0 51 16.93
QQQ 7 0 50 16.93
QQQ 0 1 50 16.93
QQQ 1 1 51 16.93
QQQ 2 1 52 16.93
QQQ 3 1 47 16.93
QQQ 4 1 49 16.93
QQQ 5 1 51 16.93
QQQ 6 1 52 16.93
QQQ 7 1 50 16.93
QQQ 0 0 48 17.03
QQQ 1 0 43 17.03
QQQ 2 0 44 17.03
QQQ 3 0 40 17.03
QQQ 4 0 43 17.03
QQQ 5 0 50 17.03
QQQ 6 0 51 17.03
QQQ 7 0 50 17.03
QQQ 0 1 50 17.03
QQQ 1 1 51 17.03
QQQ 2 1 51 17.03
QQQ 3 1 47 17.03
QQQ 4 1 50 17.03
QQQ 5 1 51 17.03
QQQ 6 1 53 17.03
QQQ 7 1 50 17.03
QQQ 0 0 48 17.13
QQQ 1 0 42 17.13
QQQ 2 0 44 17.13
QQQ 3 0 40 17.13
QQQ 4 0 43 17.13
QQQ 5 0 50 17.13
QQQ 6 0 51 17.13
QQQ 7 0 50 17.13
QQQ 0 1 51 17.13
QQQ 1 1 51 17.13
QQQ 2 1 51 17.13
QQQ 3 1 48 17.13
QQQ 4 1 49 17.13
QQQ 5 1 51 17.13
QQQ 6 1 52 17.13
QQQ 7 1 50 17.13
QQQ 0 0 49 17.23
QQQ 1 0 42 17.23
QQQ 2 0 45 17.23
QQQ 3 0 41 17.23
QQQ 4 0 43 17.23
QQQ 5 0 50 17.23
QQQ 6 0 51 17.23
QQQ 7 0 50 17.23
QQQ 0 1 50 17.23
QQQ 1 1 51 17.23
QQQ 2 1 51 17.23
QQQ 3 1 47 17.23
QQQ 4 1 49 17.23
QQQ 5 1 51 17.23
QQQ 6 1 52 17.23
QQQ 7 1 51 17.23
QQQ 0 0 49 17.33
QQQ 1 0 42 17.33
QQQ 2 0 44 17.33
QQQ 3 0 41 17.33
QQQ 4 0 43 17.33
QQQ 5 0 49 17.33
QQQ 6 0 51 17.33
QQQ 7 0 50 17.33
QQQ 0 1 49 17.33
QQQ 1 1 51 17.33
QQQ 2 1 51 17.33
QQQ 3 1 48 17.33
QQQ 4 1 50 17.33
QQQ 5 1 51 17.33
QQQ 6 1 52 17.33
QQQ 7 1 50 17.33
QQQ 0 0 49 17.43
QQQ 1 0 42 17.43
QQQ 2 0 44 17.43
QQQ 3 0 41 17.43
QQQ 4 0 43 17.43
QQQ 5 0 49 17.43
QQQ 6 0 51 17.43
QQQ 7 0 51 17.43
QQQ 0 1 50 17.43
QQQ 1 1 51 17.43
QQQ 2 1 52 17.43
QQQ 3 1 48 17.43
QQQ 4 1 50 17.43
QQQ 5 1 51 17.43
QQQ 6 1 52 17.43
QQQ 7 1 50 17.43
QQQ 0 0 48 17.53
QQQ 1 0 43 17.53
QQQ 2 0 45 17.53
QQQ 3 0 41 17.53
QQQ 4 0 42 17.53
QQQ 5 0 50 17.53
QQQ 6 0 51 17.53
QQQ 7 0 50 17.53
QQQ 0 1 50 17.53
QQQ 1 1 52 17.53
QQQ 2 1 52 17.53
QQQ 3 1 48 17.53
QQQ 4 1 50 17.53
QQQ 5 1 51 17.53
QQQ 6 1 53 17.53
QQQ 7 1 50 17.53
QQQ 0 0 48 17.63
QQQ 1 0 42 17.63
QQQ 2 0 44 17.63
QQQ 3 0 42 17.63
QQQ 4 0 43 17.63
QQQ 5 0 50 17.63
QQQ 6 0 51 17.63
QQQ 7 0 50 17.63
QQQ 0 1 50 17.63
QQQ 1 1 52 17.63
QQQ 2 1 52 17.63
QQQ 3 1 48 17.63
QQQ 4 1 49 17.63
QQQ 5 1 51 17.63
QQQ 6 1 53 17.63
QQQ 7 1 50 17.63
QQQ 0 0 48 17.73
QQQ 1 0 42 17.73
QQQ 2 0 44 17.73
QQQ 3 0 41 17.73
QQQ 4 0 42 17.73
QQQ 5 0 49 17.73
QQQ 6 0 51 17.73
QQQ 7 0 49 17.73
QQQ 0 1 50 17.73
QQQ 1 1 52 17.73
QQQ 2 1 51 17.73
QQQ 3 1 48 17.73
QQQ 4 1 49 17.73
QQQ 5 1 51 17.73
QQQ 6 1 52 17.73
QQQ 7 1 50 17.73
QQQ 0 0 48 17.83
QQQ 1 0 42 17.83
QQQ 2 0 45 17.83
QQQ 3 0 41 17.83
QQQ 4 0 43 17.83
QQQ 5 0 50 17.83
QQQ 6 0 51 17.83
QQQ 7 0 51 17.83
QQQ 0 1 50 17.83
QQQ 1 1 51 17.83
QQQ 2 1 52 17.83
QQQ 3 1 48 17.83
QQQ 4 1 50 17.83
QQQ 5 1 51 17.83
QQQ 6 1 53 17.83
QQQ 7 1 50 17.83
QQQ 0 0 48 17.93
QQQ 1 0 42 17.93
QQQ 2 0 45 17.93
QQQ 3 0 41 17.93
QQQ 4 0 43 17.93
QQQ 5 0 49 17.93
QQQ 6 0 50 17.93
QQQ 7 0 50 17.93
QQQ 0 1 51 17.93
QQQ 1 1 51 17.93
QQQ 2 1 51 17.93
QQQ 3 1 48 17.93
QQQ 4 1 50 17.93
QQQ 5 1 51 17.93
QQQ 6 1 53 17.93
QQQ 7 1 51 17.93
QQQ 0 0 48 18.03
QQQ 1 0 42 18.03
QQQ 2 0 44 18.03
QQQ 3 0 41 18.03
QQQ 4 0 43 18.03
QQQ 5 0 50 18.03
QQQ 6 0 51 18.03
QQQ 7 0 50 18.03
QQQ 0 1 50 18.03
QQQ 1 1 51 18.03
QQQ 2 1 52 18.03
QQQ 3 1 48 18.03
QQQ 4 1 50 18.03
QQQ 5 1 51 18.03
QQQ 6 1 53 18.03
QQQ 7 1 51 18.03
QQQ 0 0 49 18.13
QQQ 1 0 43 18.13
QQQ 2 0 44 18.13
QQQ 3 0 41 18.13
QQQ 4 0 43 18.13
QQQ 5 0 50 18.13
QQQ 6 0 51 18.13
QQQ 7 0 50 18.13
QQQ 0 1 50 18.13
QQQ 1 1 51 18.13
QQQ 2 1 51 18.13
QQQ 3 1 48 18.13
QQQ 4 1 50 18.13
QQQ 5 1 51 18.13
QQQ 6 1 53 18.13
QQQ 7 1 51 18.13
QQQ 0 0 49 18.23
QQQ 1 0 43 18.23
QQQ 2 0 44 18.23
QQQ 3 0 41 18.23
QQQ 4 0 43 18.23
QQQ 5 0 50 18.23
QQQ 6 0 51 18.23
QQQ 7 0 50 18.23
QQQ 0 1 50 18.23
QQQ 1 1 52 18.23
QQQ 2 1 51 18.23
QQQ 3 1 48 18.23
QQQ 4 1 51 18.23
QQQ 5 1 51 18.23
QQQ 6 1 53 18.23
QQQ 7 1 51 18.23
QQQ 0 0 49 18.33
QQQ 1 0 42 18.33
QQQ 2 0 46 18.33
QQQ 3 0 41 18.33
QQQ 4 0 43 18.33
QQQ 5 0 50 18.33
QQQ 6 0 51 18.33
QQQ 7 0 50 18.33
QQQ 0 1 50 18.33
QQQ 1 1 51 18.33
QQQ 2 1 51 18.33
QQQ 3 1 48 18.33
QQQ 4 1 50 18.33
QQQ 5 1 51 18.33
QQQ 6 1 53 18.33
QQQ 7 1 51 18.33
QQQ 0 0 48 18.43
QQQ 1 0 43 18.43
QQQ 2 0 45 18.43
QQQ 3 0 41 18.43
QQQ 4 0 43 18.43
QQQ 5 0 50 18.43
QQQ 6 0 51 18.43
QQQ 7 0 50 18.43
QQQ 0 1 51 18.43
QQQ 1 1 52 18.43
QQQ 2 1 51 18.43
QQQ 3 1 48 18.43
QQQ 4 1 50 18.43
QQQ 5 1 51 18.43
QQQ 6 1 52 18.43
QQQ 7 1 50 18.43
QQQ 0 0 48 18.53
QQQ 1 0 42 18.53
QQQ 2 0 45 18.53
QQQ 3 0 42 18.53
QQQ 4 0 43 18.53
QQQ 5 0 50 18.53
QQQ 6 0 51 18.53
QQQ 7 0 51 18.53
QQQ 0 1 50 18.53
QQQ 1 1 51 18.53
QQQ 2 1 52 18.53
QQQ 3 1 49 18.53
QQQ 4 1 50 18.53
QQQ 5 1 51 18.53
QQQ 6 1 53 18.53
QQQ 7 1 51 18.53
QQQ 0 0 49 18.63
QQQ 1 0 43 18.63
QQQ 2 0 45 18.63
QQQ 3 0 42 18.63
QQQ 4 0 44 18.63
QQQ 5 0 50 18.63
QQQ 6 0 51 18.63
QQQ 7 0 51 18.63
QQQ 0 1 50 18.63
QQQ 1 1 52 18.63
QQQ 2 1 51 18.63
QQQ 3 1 48 18.63
QQQ 4 1 50 18.63
QQQ 5 1 50 18.63
QQQ 6 1 53 18.63
QQQ 7 1 51 18.63
QQQ 0 0 48 18.73
QQQ 1 0 43 18.73
QQQ 2 0 45 18.73
QQQ 3 0 42 18.73
QQQ 4 0 43 18.73
QQQ 5 0 50 18.73
QQQ 6 0 51 18.73
QQQ 7 0 50 18.73
QQQ 0 1 50 18.73
QQQ 1 1 52 18.73
QQQ 2 1 51 18.73
QQQ 3 1 49 18.73
QQQ 4 1 49 18.73
QQQ 5 1 50 18.73
QQQ 6 1 53 18.73
QQQ 7 1 50 18.73
QQQ 0 0 49 18.83
QQQ 1 0 43 18.83
QQQ 2 0 45 18.83
QQQ 3 0 42 18.83
QQQ 4 0 43 18.83
QQQ 5 0 50 18.83
QQQ 6 0 51 18.83
QQQ 7 0 51 18.83
QQQ 0 1 50 18.83
QQQ 1 1 51 18.83
QQQ 2 1 51 18.83
QQQ 3 1 48 18.83
QQQ 4 1 50 18.83
QQQ 5 1 51 18.83
QQQ 6 1 53 18.83
QQQ 7 1 51 18.83
QQQ 0 0 49 18.93
QQQ 1 0 43 18.93
QQQ 2 0 44 18.93
QQQ 3 0 42 18.93
QQQ 4 0 44 18.93
QQQ 5 0 51 18.93
QQQ 6 0 51 18.93
QQQ 7 0 50 18.93
QQQ 0 1 51 18.93
QQQ 1 1 52 18.93
QQQ 2 1 51 18.93
QQQ 3 1 48 18.93
QQQ 4 1 50 18.93
QQQ 5 1 52 18.93
QQQ 6 1 53 18.93
QQQ 7 1 51 18.93
QQQ 0 0 50 19.03
QQQ 1 0 42 19.03
QQQ 2 0 45 19.03
QQQ 3 0 42 19.03
QQQ 4 0 43 19.03
QQQ 5 0 50 19.03
QQQ 6 0 52 19.03
QQQ 7 0 50 19.03
QQQ 0 1 51 19.03
QQQ 1 1 52 19.03
QQQ 2 1 51 19.03
QQQ 3 1 49 19.03
QQQ 4 1 49 19.03
QQQ 5 1 52 19.03
QQQ 6 1 53 19.03
QQQ 7 1 51 19.03
QQQ 0 0 49 19.13
QQQ 1 0 43 19.13
QQQ 2 0 45 19.13
QQQ 3 0 42 19.13
QQQ 4 0 43 19.13
QQQ 5 0 50 19.13
QQQ 6 0 51 19.13
QQQ 7 0 51 19.13
QQQ 0 1 51 19.13
QQQ 1 1 52 19.13
QQQ 2 1 51 19.13
QQQ 3 1 48 19.13
QQQ 4 1 50 19.13
QQQ 5 1 51 19.13
QQQ 6 1 53 19.13
QQQ 7 1 51 19.13
QQQ 0 0 49 19.23
QQQ 1 0 43 19.23
QQQ 2 0 44 19.23
QQQ 3 0 42 19.23
QQQ 4 0 44 19.23
QQQ 5 0 51 19.23
QQQ 6 0 52 19.23
QQQ 7 0 51 19.23
QQQ 0 1 51 19.23
QQQ 1 1 52 19.23
QQQ 2 1 51 19.23
QQQ 3 1 48 19.23
QQQ 4 1 50 19.23
QQQ 5 1 51 19.23
QQQ 6 1 52 19.23
QQQ 7 1 50 19.23
QQQ 0 0 49 19.33
QQQ 1 0 42 19.33
QQQ 2 0 45 19.33
QQQ 3 0 42 19.33
QQQ 4 0 43 19.33
QQQ 5 0 50 19.33
QQQ 6 0 51 19.33
QQQ 7 0 51 19.33
QQQ 0 1 50 19.33
QQQ 1 1 52 19.33
QQQ 2 1 51 19.33
QQQ 3 1 48 19.33
QQQ 4 1 50 19.33
QQQ 5 1 51 19.33
QQQ 6 1 53 19.33
QQQ 7 1 51 19.33
QQQ 0 0 48 19.43
QQQ 1 0 43 19.43
QQQ 2 0 45 19.43
QQQ 3 0 42 19.43
QQQ 4 0 43 19.43
QQQ 5 0 50 19.43
QQQ 6 0 52 19.43
QQQ 7 0 51 19.43
QQQ 0 1 50 19.43
QQQ 1 1 52 19.43
QQQ 2 1 52 19.43
QQQ 3 1 49 19.43
QQQ 4 1 50 19.43
QQQ 5 1 51 19.43
QQQ 6 1 53 19.43
QQQ 7 1 51 19.43
QQQ 0 0 49 19.53
QQQ 1 0 43 19.53
QQQ 2 0 45 19.53
QQQ 3 0 42 19.53
QQQ 4 0 43 19.53
QQQ 5 0 50 19.53
QQQ 6 0 52 19.53
QQQ 7 0 50 19.53
QQQ 0 1 50 19.53
QQQ 1 1 53 19.53
QQQ 2 1 51 19.53
QQQ 3 1 48 19.53
QQQ 4 1 50 19.53
QQQ 5 1 51 19.53
QQQ 6 1 53 19.53
QQQ 7 1 50 19.53
QQQ 0 0 50 19.63
QQQ 1 0 43 19.63
QQQ 2 0 45 19.63
QQQ 3 0 42 19.63
QQQ 4 0 44 19.63
QQQ 5 0 50 19.63
QQQ 6 0 52 19.63
QQQ 7 0 51 19.63
QQQ 0 1 51 19.63
QQQ 1 1 52 19.63
QQQ 2 1 51 19.63
QQQ 3 1 49 19.63
QQQ 4 1 50 19.63
QQQ 5 1 51 19.63
QQQ 6 1 53 19.63
QQQ 7 1 50 19.63
QQQ 0 0 49 19.73
QQQ 1 0 43 19.73
QQQ 2 0 45 19.73
QQQ 3 0 43 19.73
QQQ 4 0 43 19.73
QQQ 5 0 50 19.73
QQQ 6 0 51 19.73
QQQ 7 0 51 19.73
QQQ 0 1 51 19.73
QQQ 1 1 52 19.73
QQQ 2 1 51 19.73
QQQ 3 1 48 19.73
QQQ 4 1 50 19.73
QQQ 5 1 51 19.73
QQQ 6 1 53 19.73
QQQ 7 1 50 19.73
QQQ 0 0 49 19.83
QQQ 1 0 43 19.83
QQQ 2 0 46 19.83
QQQ 3 0 42 19.83
QQQ 4 0 44 19.83
QQQ 5 0 50 19.83
QQQ 6 0 51 19.83
QQQ 7 0 51 19.83
QQQ 0 1 51 19.83
QQQ 1 1 52 19.83
QQQ 2 1 52 19.83
QQQ 3 1 49 19.83
QQQ 4 1 51 19.83
QQQ 5 1 52 19.83
QQQ 6 1 53 19.83
QQQ 7 1 51 19.83
QQQ 0 0 48 19.93
QQQ 1 0 43 19.93
QQQ 2 0 45 19.93
QQQ 3 0 42 19.93
QQQ 4 0 43 19.93
QQQ 5 0 50 19.93
QQQ 6 0 51 19.93
QQQ 7 0 51 19.93
QQQ 0 1 50 19.93
QQQ 1 1 52 19.93
QQQ 2 1 52 19.93
QQQ 3 1 48 19.93
QQQ 4 1 50 19.93
QQQ 5 1 52 19.93
QQQ 6 1 53 19.93
QQQ 7 1 51 19.93
QQQ 0 0 49 20.03
QQQ 1 0 43 20.03
QQQ 2 0 45 20.03
QQQ 3 0 42 20.03
QQQ 4 0 43 20.03
QQQ 5 0 51 20.03
QQQ 6 0 52 20.03
QQQ 7 0 50 20.03
QQQ 0 1 51 20.03
QQQ 1 1 52 20.03
QQQ 2 1 52 20.03
QQQ 3 1 48 20.03
QQQ 4 1 50 20.03
QQQ 5 1 52 20.03
QQQ 6 1 52 20.03
QQQ 7 1 51 20.03
QQQ 0 0 50 20.13
QQQ 1 0 43 20.13
QQQ 2 0 46 20.13
QQQ 3 0 42 20.13
QQQ 4 0 44 20.13
QQQ 5 0 51 20.13
QQQ 6 0 51 20.13
QQQ 7 0 50 20.13
QQQ 0 1 50 20.13
QQQ 1 1 52 20.13
QQQ 2 1 51 20.13
QQQ 3 1 48 20.13
QQQ 4 1 50 20.13
QQQ 5 1 52 20.13
QQQ 6 1 54 20.13
QQQ 7 1 50 20.13
QQQ 0 0 50 20.23
QQQ 1 0 44 20.23
QQQ 2 0 45 20.23
QQQ 3 0 42 20.23
QQQ 4 0 44 20.23
QQQ 5 0 50 20.23
QQQ 6 0 51 20.23
QQQ 7 0 51 20.23
QQQ 0 1 51 20.23
QQQ 1 1 52 20.23
QQQ 2 1 51 20.23
QQQ 3 1 48 20.23
QQQ 4 1 50 20.23
QQQ 5 1 52 20.23
QQQ 6 1 53 20.23
QQQ 7 1 51 20.23
QQQ 0 0 50 20.33
QQQ 1 0 43 20.33
QQQ 2 0 45 20.33
QQQ 3 0 42 20.33
QQQ 4 0 44 20.33
QQQ 5 0 51 20.33
QQQ 6 0 52 20.33
QQQ 7 0 51 20.33
QQQ 0 1 51 20.33
QQQ 1 1 52 20.33
QQQ 2 1 51 20.33
QQQ 3 1 48 20.33
QQQ 4 1 50 20.33
QQQ 5 1 52 20.33
QQQ 6 1 54 20.33
QQQ 7 1 51 20.33
QQQ 0 0 50 20.43
QQQ 1 0 44 20.43
QQQ 2 0 46 20.43
QQQ 3 0 43 20.43
QQQ 4 0 44 20.43
QQQ 5 0 51 20.43
QQQ 6 0 52 20.43
QQQ 7 0 50 20.43
QQQ 0 1 51 20.43
QQQ 1 1 52 20.43
QQQ 2 1 52 20.43
QQQ 3 1 48 20.43
QQQ 4 1 50 20.43
QQQ 5 1 53 20.43
QQQ 6 1 54 20.43
QQQ 7 1 51 20.43
QQQ 0 0 49 20.53
QQQ 1 0 43 20.53
QQQ 2 0 46 20.53
QQQ 3 0 42 20.53
QQQ 4 0 44 20.53
QQQ 5 0 50 20.53
QQQ 6 0 52 20.53
QQQ 7 0 51 20.53
QQQ 0 1 51 20.53
QQQ 1 1 53 20.53
QQQ 2 1 51 20.53
QQQ 3 1 48 20.53
QQQ 4 1 50 20.53
QQQ 5 1 52 20.53
QQQ 6 1 54 20.53
QQQ 7 1 51 20.53
QQQ 0 0 50 20.63
QQQ 1 0 43 20.63
QQQ 2 0 45 20.64
QQQ 3 0 43 20.64
QQQ 4 0 43 20.64
QQQ 5 0 51 20.64
QQQ 6 0 52 20.64
QQQ 7 0 51 20.64
QQQ 0 1 52 20.64
QQQ 1 1 53 20.64
QQQ 2 1 51 20.64
QQQ 3 1 49 20.64
QQQ 4 1 50 20.64
QQQ 5 1 52 20.64
QQQ 6 1 53 20.64
QQQ 7 1 51 20.64
QQQ 0 0 50 20.74
QQQ 1 0 44 20.74
QQQ 2 0 45 20.74
QQQ 3 0 42 20.74
QQQ 4 0 43 20.74
QQQ 5 0 51 20.74
QQQ 6 0 52 20.74
QQQ 7 0 51 20.74
QQQ 0 1 51 20.74
QQQ 1 1 53 20.74
QQQ 2 1 52 20.74
QQQ 3 1 48 20.74
QQQ 4 1 51 20.74
QQQ 5 1 52 20.74
QQQ 6 1 53 20.74
QQQ 7 1 51 20.74
QQQ 0 0 50 20.84
QQQ 1 0 44 20.84
QQQ 2 0 46 20.84
QQQ 3 0 42 20.84
QQQ 4 0 44 20.84
QQQ 5 0 51 20.84
QQQ 6 0 52 20.84
QQQ 7 0 51 20.84
QQQ 0 1 51 20.84
QQQ 1 1 52 20.84
QQQ 2 1 51 20.84
QQQ 3 1 48 20.84
QQQ 4 1 50 20.84
QQQ 5 1 52 20.84
QQQ 6 1 53 20.84
QQQ 7 1 51 20.84
QQQ 0 0 49 20.94
QQQ 1 0 43 20.94
QQQ 2 0 46 20.94
QQQ 3 0 42 20.94
QQQ 4 0 44 20.94
QQQ 5 0 51 20.94
QQQ 6 0 52 20.94
QQQ 7 0 50 20.94
QQQ 0 1 51 20.94
QQQ 1 1 52 20.94
QQQ 2 1 52 20.94
QQQ 3 1 48 20.94
QQQ 4 1 50 20.94
QQQ 5 1 52 20.94
QQQ 6 1 54 20.94
QQQ 7 1 51 20.94
QQQ 0 0 49 21.04
QQQ 1 0 42 21.04
QQQ 2 0 46 21.04
QQQ 3 0 42 21.04
QQQ 4 0 44 21.04
QQQ 5 0 50 21.04
QQQ 6 0 52 21.04
QQQ 7 0 51 21.04
QQQ 0 1 52 21.04
QQQ 1 1 52 21.04
QQQ 2 1 52 21.04
QQQ 3 1 48 21.04
QQQ 4 1 51 21.04
QQQ 5 1 52 21.04
QQQ 6 1 54 21.04
QQQ 7 1 51 21.04
QQQ 0 0 50 21.14
QQQ 1 0 43 21.14
QQQ 2 0 46 21.14
QQQ 3 0 43 21.14
QQQ 4 0 44 21.14
QQQ 5 0 51 21.14
QQQ 6 0 52 21.14
QQQ 7 0 51 21.14
QQQ 0 1 51 21.14
QQQ 1 1 52 21.14
QQQ 2 1 52 21.14
QQQ 3 1 48 21.14
QQQ 4 1 51 21.14
QQQ 5 1 52 21.14
QQQ 6 1 53 21.14
QQQ 7 1 51 21.14
QQQ 0 0 49 21.24
QQQ 1 0 43 21.24
QQQ 2 0 45 21.24
QQQ 3 0 42 21.24
QQQ 4 0 45 21.24
QQQ 5 0 50 21.24
QQQ 6 0 52 21.24
QQQ 7 0 51 21.24
QQQ 0 1 51 21.24
QQQ 1 1 53 21.24
QQQ 2 1 51 21.24
QQQ 3 1 49 21.24
QQQ 4 1 51 21.24
QQQ 5 1 52 21.24
QQQ 6 1 54 21.24
QQQ 7 1 51 21.24
QQQ 0 0 50 21.34
QQQ 1 0 44 21.34
QQQ 2 0 46 21.34
QQQ 3 0 42 21.34
QQQ 4 0 45 21.34
QQQ 5 0 50 21.34
QQQ 6 0 53 21.34
QQQ 7 0 51 21.34
QQQ 0 1 51 21.34
QQQ 1 1 53 21.34
QQQ 2 1 52 21.34
QQQ 3 1 48 21.34
QQQ 4 1 50 21.34
QQQ 5 1 52 21.34
QQQ 6 1 54 21.34
QQQ 7 1 51 21.34
QQQ 0 0 49 21.44
QQQ 1 0 43 21.44
QQQ 2 0 46 21.44
QQQ 3 0 43 21.44
QQQ 4 0 44 21.44
QQQ 5 0 51 21.44
QQQ 6 0 52 21.44
QQQ 7 0 51 21.44
QQQ 0 1 51 21.44
QQQ 1 1 52 21.44
QQQ 2 1 52 21.44
QQQ 3 1 49 21.44
QQQ 4 1 51 21.44
QQQ 5 1 52 21.44
QQQ 6 1 54 21.44
QQQ 7 1 51 21.44
QQQ 0 0 50 21.54
QQQ 1 0 44 21.54
QQQ 2 0 46 21.54
QQQ 3 0 42 21.54
QQQ 4 0 44 21.54
QQQ 5 0 51 21.54
QQQ 6 0 53 21.54
QQQ 7 0 51 21.54
QQQ 0 1 51 21.54
QQQ 1 1 53 21.54
QQQ 2 1 52 21.54
QQQ 3 1 49 21.54
QQQ 4 1 51 21.54
QQQ 5 1 52 21.54
QQQ 6 1 54 21.54
QQQ 7 1 51 21.54
QQQ 0 0 49 21.64
QQQ 1 0 44 21.64
QQQ 2 0 45 21.64
QQQ 3 0 42 21.64
QQQ 4 0 44 21.64
QQQ 5 0 50 21.64
QQQ 6 0 53 21.64
QQQ 7 0 51 21.64
QQQ 0 1 51 21.64
QQQ 1 1 52 21.64
QQQ 2 1 52 21.64
QQQ 3 1 49 21.64
QQQ 4 1 51 21.64
QQQ 5 1 52 21.64
QQQ 6 1 54 21.64
QQQ 7 1 51 21.64
QQQ 0 0 49 21.74
QQQ 1 0 43 21.74
QQQ 2 0 46 21.74
QQQ 3 0 43 21.74
QQQ 4 0 44 21.74
QQQ 5 0 51 21.74
QQQ 6 0 53 21.74
QQQ 7 0 51 21.74
QQQ 0 1 51 21.74
QQQ 1 1 53 21.74
QQQ 2 1 52 21.74
QQQ 3 1 49 21.74
QQQ 4 1 51 21.74
QQQ 5 1 53 21.74
QQQ 6 1 54 21.74
QQQ 7 1 51 21.74
QQQ 0 0 50 21.84
QQQ 1 0 43 21.84
QQQ 2 0 46 21.84
QQQ 3 0 43 21.84
QQQ 4 0 44 21.84
QQQ 5 0 51 21.84
QQQ 6 0 52 21.84
QQQ 7 0 51 21.84
QQQ 0 1 51 21.84
QQQ 1 1 52 21.84
QQQ 2 1 52 21.84
QQQ 3 1 49 21.84
QQQ 4 1 51 21.84
QQQ 5 1 52 21.84
QQQ 6 1 54 21.84
QQQ 7 1 51 21.84
QQQ 0 0 51 21.94
QQQ 1 0 44 21.94
QQQ 2 0 46 21.94
QQQ 3 0 43 21.94
QQQ 4 0 45 21.94
QQQ 5 0 51 21.94
QQQ 6 0 53 21.94
QQQ 7 0 51 21.94
QQQ 0 1 51 21.94
QQQ 1 1 52 21.94
QQQ 2 1 52 21.94
QQQ 3 1 49 21.94
QQQ 4 1 51 21.94
QQQ 5 1 52 21.94
QQQ 6 1 53 21.94
QQQ 7 1 51 21.94
QQQ 0 0 51 22.04
QQQ 1 0 43 22.04
QQQ 2 0 46 22.04
QQQ 3 0 43 22.04
QQQ 4 0 44 22.04
QQQ 5 0 51 22.04
QQQ 6 0 53 22.04
QQQ 7 0 51 22.04
QQQ 0 1 51 22.04
QQQ 1 1 52 22.04
QQQ 2 1 52 22.04
QQQ 3 1 49 22.04
QQQ 4 1 51 22.04
QQQ 5 1 53 22.04
QQQ 6 1 54 22.04
QQQ 7 1 51 22.04
QQQ 0 0 50 22.14
QQQ 1 0 44 22.14
QQQ 2 0 45 22.14
QQQ 3 0 43 22.14
QQQ 4 0 44 22.14
QQQ 5 0 50 22.14
QQQ 6 0 52 22.14
QQQ 7 0 51 22.14
QQQ 0 1 51 22.14
QQQ 1 1 53 22.14
QQQ 2 1 52 22.14
QQQ 3 1 49 22.14
QQQ 4 1 51 22.14
QQQ 5 1 52 22.14
QQQ 6 1 53 22.14
QQQ 7 1 51 22.14
QQQ 0 0 50 22.24
QQQ 1 0 44 22.24
QQQ 2 0 46 22.24
QQQ 3 0 43 22.24
QQQ 4 0 45 22.24
QQQ 5 0 51 22.24
QQQ 6 0 53 22.24
QQQ 7 0 51 22.24
QQQ 0 1 51 22.24
QQQ 1 1 53 22.24
QQQ 2 1 52 22.24
QQQ 3 1 48 22.24
QQQ 4 1 51 22.24
QQQ 5 1 52 22.24
QQQ 6 1 53 22.24
QQQ 7 1 51 22.24
QQQ 0 0 50 22.34
QQQ 1 0 43 22.34
QQQ 2 0 46 22.34
QQQ 3 0 43 22.34
QQQ 4 0 45 22.34
QQQ 5 0 50 22.34
QQQ 6 0 52 22.34
QQQ 7 0 51 22.34
QQQ 0 1 51 22.34
QQQ 1 1 53 22.34
QQQ 2 1 52 22.34
QQQ 3 1 48 22.34
QQQ 4 1 51 22.34
QQQ 5 1 52 22.34
QQQ 6 1 54 22.34
QQQ 7 1 51 22.34
QQQ 0 0 50 22.44
QQQ 1 0 43 22.44
QQQ 2 0 47 22.44
QQQ 3 0 42 22.44
QQQ 4 0 44 22.44
QQQ 5 0 50 22.44
QQQ 6 0 53 22.44
QQQ 7 0 51 22.44
QQQ 0 1 51 22.44
QQQ 1 1 53 22.44
QQQ 2 1 53 22.44
QQQ 3 1 49 22.44
QQQ 4 1 51 22.44
QQQ 5 1 52 22.44
QQQ 6 1 54 22.44
QQQ 7 1 51 22.44
QQQ 0 0 50 22.54
QQQ 1 0 43 22.54
QQQ 2 0 46 22.54
QQQ 3 0 43 22.54
QQQ 4 0 44 22.54
QQQ 5 0 51 22.54
QQQ 6 0 52 22.54
QQQ 7 0 52 22.54
QQQ 0 1 51 22.54
QQQ 1 1 52 22.54
QQQ 2 1 52 22.54
QQQ 3 1 49 22.54
QQQ 4 1 51 22.54
QQQ 5 1 53 22.54
QQQ 6 1 54 22.54
QQQ 7 1 52 22.54
QQQ 0 0 50 22.64
QQQ 1 0 44 22.64
QQQ 2 0 46 22.64
QQQ 3 0 43 22.64
QQQ 4 0 45 22.64
QQQ 5 0 51 22.64
QQQ 6 0 52 22.64
QQQ 7 0 51 22.64
QQQ 0 1 51 22.64
QQQ 1 1 53 22.64
QQQ 2 1 52 22.64
QQQ 3 1 49 22.64
QQQ 4 1 51 22.64
QQQ 5 1 52 22.64
QQQ 6 1 54 22.64
QQQ 7 1 52 22.64
QQQ 0 0 50 22.74
QQQ 1 0 44 22.74
QQQ 2 0 46 22.74
QQQ 3 0 43 22.74
QQQ 4 0 45 22.74
QQQ 5 0 51 22.74
QQQ 6 0 52 22.74
QQQ 7 0 51 22.74
QQQ 0 1 51 22.74
QQQ 1 1 54 22.74
QQQ 2 1 51 22.74
QQQ 3 1 49 22.74
QQQ 4 1 51 22.74
QQQ 5 1 52 22.74
QQQ 6 1 54 22.74
QQQ 7 1 51 22.74
QQQ 0 0 49 22.84
QQQ 1 0 44 22.84
QQQ 2 0 46 22.84
QQQ 3 0 42 22.84
QQQ 4 0 45 22.84
QQQ 5 0 51 22.84
QQQ 6 0 53 22.84
QQQ 7 0 51 22.84
QQQ 0 1 52 22.84
QQQ 1 1 53 22.84
QQQ 2 1 52 22.84
QQQ 3 1 49 22.84
QQQ 4 1 50 22.84
QQQ 5 1 53 22.84
QQQ 6 1 54 22.84
QQQ 7 1 51 22.84
QQQ 0 0 50 22.94
QQQ 1 0 45 22.94
QQQ 2 0 46 22.94
QQQ 3 0 42 22.94
QQQ 4 0 45 22.94
QQQ 5 0 52 22.94
QQQ 6 0 52 22.94
QQQ 7 0 51 22.94
QQQ 0 1 51 22.94
QQQ 1 1 53 22.94
QQQ 2 1 52 22.94
QQQ 3 1 49 22.94
QQQ 4 1 50 22.94
QQQ 5 1 53 22.94
QQQ 6 1 54 22.94
QQQ 7 1 51 22.94
QQQ 0 0 50 23.04
QQQ 1 0 44 23.04
QQQ 2 0 46 23.04
QQQ 3 0 43 23.04
QQQ 4 0 44 23.04
QQQ 5 0 51 23.04
QQQ 6 0 53 23.04
QQQ 7 0 51 23.04
QQQ 0 1 51 23.04
QQQ 1 1 54 23.04
QQQ 2 1 52 23.04
QQQ 3 1 49 23.04
QQQ 4 1 51 23.04
QQQ 5 1 52 23.04
QQQ 6 1 54 23.04
QQQ 7 1 52 23.04
QQQ 0 0 50 23.14
QQQ 1 0 44 23.14
QQQ 2 0 46 23.14
QQQ 3 0 43 23.14
QQQ 4 0 44 23.14
QQQ 5 0 52 23.14
QQQ 6 0 52 23.14
QQQ 7 0 51 23.14
QQQ 0 1 51 23.14
QQQ 1 1 53 23.14
QQQ 2 1 52 23.14
QQQ 3 1 49 23.14
QQQ 4 1 51 23.14
QQQ 5 1 53 23.14
QQQ 6 1 54 23.14
QQQ 7 1 52 23.14
QQQ 0 0 50 23.24
QQQ 1 0 43 23.24
QQQ 2 0 46 23.24
QQQ 3 0 43 23.24
QQQ 4 0 45 23.24
QQQ 5 0 51 23.24
QQQ 6 0 53 23.24
QQQ 7 0 52 23.24
QQQ 0 1 52 23.24
QQQ 1 1 53 23.24
QQQ 2 1 52 23.24
QQQ 3 1 49 23.24
QQQ 4 1 51 23.24
QQQ 5 1 52 23.24
QQQ 6 1 54 23.24
QQQ 7 1 51 23.24
QQQ 0 0 51 23.34
QQQ 1 0 44 23.34
QQQ 2 0 46 23.34
QQQ 3 0 43 23.34
QQQ 4 0 44 23.34
QQQ 5 0 51 23.34
QQQ 6 0 53 23.34
QQQ 7 0 51 23.34
QQQ 0 1 52 23.34
QQQ 1 1 53 23.34
QQQ 2 1 52 23.34
QQQ 3 1 49 23.34
QQQ 4 1 51 23.34
QQQ 5 1 52 23.34
QQQ 6 1 54 23.34
QQQ 7 1 51 23.34
QQQ 0 0 51 23.44
QQQ 1 0 44 23.44
QQQ 2 0 46 23.44
QQQ 3 0 42 23.44
QQQ 4 0 44 23.44
QQQ 5 0 51 23.44
QQQ 6 0 53 23.44
QQQ 7 0 51 23.44
QQQ 0 1 52 23.44
QQQ 1 1 52 23.44
QQQ 2 1 52 23.44
QQQ 3 1 49 23.44
QQQ 4 1 51 23.44
QQQ 5 1 52 23.44
QQQ 6 1 54 23.44
QQQ 7 1 51 23.44
QQQ 0 0 50 23.54
QQQ 1 0 44 23.54
QQQ 2 0 46 23.54
QQQ 3 0 43 23.54
QQQ 4 0 44 23.54
QQQ 5 0 51 23.54
QQQ 6 0 52 23.54
QQQ 7 0 51 23.54
QQQ 0 1 52 23.54
QQQ 1 1 53 23.54
QQQ 2 1 52 23.54
QQQ 3 1 48 23.54
QQQ 4 1 51 23.54
QQQ 5 1 53 23.54
QQQ 6 1 54 23.54
QQQ 7 1 52 23.54
QQQ 0 0 51 23.64
QQQ 1 0 44 23.64
QQQ 2 0 46 23.64
QQQ 3 0 43 23.64
QQQ 4 0 44 23.64
QQQ 5 0 52 23.64
QQQ 6 0 53 23.64
QQQ 7 0 51 23.64
QQQ 0 1 51 23.64
QQQ 1 1 53 23.64
QQQ 2 1 52 23.64
QQQ 3 1 49 23.64
QQQ 4 1 52 23.64
QQQ 5 1 52 23.64
QQQ 6 1 54 23.64
QQQ 7 1 51 23.64
QQQ 0 0 51 23.74
QQQ 1 0 44 23.74
QQQ 2 0 46 23.74
QQQ 3 0 43 23.74
QQQ 4 0 44 23.74
QQQ 5 0 51 23.74
QQQ 6 0 53 23.74
QQQ 7 0 51 23.74
QQQ 0 1 52 23.74
QQQ 1 1 53 23.74
QQQ 2 1 52 23.74
QQQ 3 1 49 23.74
QQQ 4 1 51 23.74
QQQ 5 1 53 23.74
QQQ 6 1 54 23.74
QQQ 7 1 52 23.74
QQQ 0 0 50 23.84
QQQ 1 0 44 23.84
QQQ 2 0 46 23.84
QQQ 3 0 43 23.84
QQQ 4 0 44 23.84
QQQ 5 0 51 23.84
QQQ 6 0 52 23.84
QQQ 7 0 51 23.84
QQQ 0 1 52 23.84
QQQ 1 1 52 23.84
QQQ 2 1 52 23.84
QQQ 3 1 49 23.84
QQQ 4 1 51 23.84
QQQ 5 1 53 23.84
QQQ 6 1 54 23.84
QQQ 7 1 52 23.84
QQQ 0 0 50 23.94
QQQ 1 0 45 23.94
QQQ 2 0 46 23.94
QQQ 3 0 43 23.94
QQQ 4 0 45 23.94
QQQ 5 0 51 23.94
QQQ 6 0 53 23.94
QQQ 7 0 52 23.94
QQQ 0 1 51 23.94
QQQ 1 1 53 23.94
QQQ 2 1 52 23.94
QQQ 3 1 49 23.94
QQQ 4 1 51 23.94
QQQ 5 1 53 23.94
QQQ 6 1 54 23.94
QQQ 7 1 52 23.94
QQQ 0 0 51 24.04
QQQ 1 0 44 24.04
QQQ 2 0 46 24.04
QQQ 3 0 43 24.04
QQQ 4 0 45 24.04
QQQ 5 0 51 24.04
QQQ 6 0 52 24.04
QQQ 7 0 52 24.04
QQQ 0 1 52 24.04
QQQ 1 1 53 24.04
QQQ 2 1 52 24.04
QQQ 3 1 49 24.04
QQQ 4 1 52 24.04
QQQ 5 1 52 24.04
QQQ 6 1 54 24.04
QQQ 7 1 52 24.04
QQQ 0 0 50 24.14
QQQ 1 0 44 24.14
QQQ 2 0 46 24.14
QQQ 3 0 44 24.14
QQQ 4 0 44 24.14
QQQ 5 0 51 24.14
QQQ 6 0 53 24.14
QQQ 7 0 51 24.14
QQQ 0 1 52 24.14
QQQ 1 1 53 24.14
QQQ 2 1 53 24.14
QQQ 3 1 49 24.14
QQQ 4 1 52 24.14
QQQ 5 1 53 24.14
QQQ 6 1 54 24.14
QQQ 7 1 52 24.14
QQQ 0 0 51 24.24
QQQ 1 0 44 24.24
QQQ 2 0 46 24.24
QQQ 3 0 43 24.24
QQQ 4 0 45 24.24
QQQ 5 0 51 24.24
QQQ 6 0 53 24.24
QQQ 7 0 52 24.24
QQQ 0 1 52 24.24
QQQ 1 1 53 24.24
QQQ 2 1 52 24.24
QQQ 3 1 49 24.24
QQQ 4 1 52 24.24
QQQ 5 1 53 24.24
QQQ 6 1 54 24.24
QQQ 7 1 52 24.24
QQQ 0 0 50 24.34
QQQ 1 0 44 24.34
QQQ 2 0 47 24.34
QQQ 3 0 43 24.34
QQQ 4 0 45 24.34
QQQ 5 0 51 24.34
QQQ 6 0 53 24.34
QQQ 7 0 52 24.34
QQQ 0 1 51 24.34
QQQ 1 1 53 24.34
QQQ 2 1 52 24.34
QQQ 3 1 49 24.34
QQQ 4 1 52 24.34
QQQ 5 1 53 24.34
QQQ 6 1 54 24.34
QQQ 7 1 51 24.34
QQQ 0 0 51 24.44
QQQ 1 0 45 24.44
QQQ 2 0 47 24.44
QQQ 3 0 43 24.44
QQQ 4 0 46 24.44
QQQ 5 0 51 24.44
QQQ 6 0 52 24.44
QQQ 7 0 52 24.44
QQQ 0 1 52 24.44
QQQ 1 1 54 24.44
QQQ 2 1 52 24.44
QQQ 3 1 49 24.44
QQQ 4 1 52 24.44
QQQ 5 1 53 24.44
QQQ 6 1 55 24.44
QQQ 7 1 52 24.44
QQQ 0 0 51 24.54
QQQ 1 0 45 24.54
QQQ 2 0 47 24.54
QQQ 3 0 43 24.54
QQQ 4 0 46 24.54
QQQ 5 0 51 24.54
QQQ 6 0 52 24.54
QQQ 7 0 52 24.54
QQQ 0 1 52 24.54
QQQ 1 1 54 24.54
QQQ 2 1 52 24.54
QQQ 3 1 49 24.54
QQQ 4 1 51 24.54
QQQ 5 1 53 24.54
QQQ 6 1 54 24.54
QQQ 7 1 52 24.54
QQQ 0 0 51 24.64
QQQ 1 0 44 24.64
QQQ 2 0 46 24.64
QQQ 3 0 43 24.64
QQQ 4 0 45 24.64
QQQ 5 0 52 24.64
QQQ 6 0 53 24.64
QQQ 7 0 52 24.64
QQQ 0 1 52 24.64
QQQ 1 1 53 24.64
QQQ 2 1 52 24.64
QQQ 3 1 49 24.64
QQQ 4 1 52 24.64
QQQ 5 1 53 24.64
QQQ 6 1 54 24.64
QQQ 7 1 52 24.64
QQQ 0 0 51 24.74
QQQ 1 0 45 24.74
QQQ 2 0 46 24.74
QQQ 3 0 43 24.74
QQQ 4 0 46 24.74
QQQ 5 0 51 24.74
QQQ 6 0 53 24.74
QQQ 7 0 52 24.74
QQQ 0 1 53 24.74
QQQ 1 1 54 24.74
QQQ 2 1 52 24.74
QQQ 3 1 49 24.74
QQQ 4 1 51 24.74
QQQ 5 1 53 24.74
QQQ 6 1 54 24.74
QQQ 7 1 52 24.74
QQQ 0 0 51 24.84
QQQ 1 0 45 24.84
QQQ 2 0 47 24.84
QQQ 3 0 43 24.84
QQQ 4 0 46 24.84
QQQ 5 0 51 24.84
QQQ 6 0 53 24.84
QQQ 7 0 52 24.84
QQQ 0 1 52 24.84
QQQ 1 1 53 24.84
QQQ 2 1 52 24.84
QQQ 3 1 49 24.84
QQQ 4 1 51 24.84
QQQ 5 1 53 24.84
QQQ 6 1 54 24.84
QQQ 7 1 52 24.84
QQQ 0 0 50 24.94
QQQ 1 0 45 24.94
QQQ 2 0 47 24.94
QQQ 3 0 43 24.94
QQQ 4 0 45 24.94
QQQ 5 0 51 24.94
QQQ 6 0 53 24.94
QQQ 7 0 52 24.94
QQQ 0 1 52 24.94
QQQ 1 1 54 24.94
QQQ 2 1 53 24.94
QQQ 3 1 49 24.94
QQQ 4 1 52 24.94
QQQ 5 1 53 24.94
QQQ 6 1 55 24.94
QQQ 7 1 52 24.94
QQQ 0 0 51 25.04
QQQ 1 0 45 25.04
QQQ 2 0 47 25.04
QQQ 3 0 43 25.04
QQQ 4 0 45 25.04
QQQ 5 0 52 25.04
QQQ 6 0 53 25.04
QQQ 7 0 52 25.04
QQQ 0 1 52 25.04
QQQ 1 1 54 25.04
QQQ 2 1 52 25.04
QQQ 3 1 49 25.04
QQQ 4 1 52 25.04
QQQ 5 1 53 25.04
QQQ 6 1 55 25.04
QQQ 7 1 52 25.04
QQQ 0 0 51 25.14
QQQ 1 0 44 25.14
QQQ 2 0 47 25.14
QQQ 3 0 43 25.14
QQQ 4 0 45 25.14
QQQ 5 0 51 25.14
QQQ 6 0 53 25.14
QQQ 7 0 52 25.14
QQQ 0 1 52 25.14
QQQ 1 1 53 25.14
QQQ 2 1 52 25.14
QQQ 3 1 49 25.14
QQQ 4 1 52 25.14
QQQ 5 1 53 25.14
QQQ 6 1 54 25.14
QQQ 7 1 52 25.14
QQQ 0 0 51 25.24
QQQ 1 0 45 25.24
QQQ 2 0 46 25.24
QQQ 3 0 43 25.24
QQQ 4 0 45 25.24
QQQ 5 0 51 25.24
QQQ 6 0 53 25.24
QQQ 7 0 52 25.24
QQQ 0 1 52 25.24
QQQ 1 1 53 25.24
QQQ 2 1 52 25.24
QQQ 3 1 49 25.24
QQQ 4 1 51 25.24
QQQ 5 1 53 25.24
QQQ 6 1 55 25.24
QQQ 7 1 52 25.24
QQQ 0 0 51 25.34
QQQ 1 0 45 25.34
QQQ 2 0 46 25.34
QQQ 3 0 43 25.34
QQQ 4 0 45 25.34
QQQ 5 0 51 25.34
QQQ 6 0 53 25.34
QQQ 7 0 53 25.34
QQQ 0 1 52 25.34
QQQ 1 1 54 25.34
QQQ 2 1 53 25.34
QQQ 3 1 49 25.34
QQQ 4 1 52 25.34
QQQ 5 1 52 25.34
QQQ 6 1 55 25.34
QQQ 7 1 52 25.34
QQQ 0 0 51 25.44
QQQ 1 0 45 25.44
QQQ 2 0 47 25.44
QQQ 3 0 44 25.44
QQQ 4 0 45 25.44
QQQ 5 0 52 25.44
QQQ 6 0 53 25.44
QQQ 7 0 52 25.44
QQQ 0 1 52 25.44
QQQ 1 1 54 25.44
QQQ 2 1 52 25.44
QQQ 3 1 49 25.44
QQQ 4 1 52 25.44
QQQ 5 1 52 25.44
QQQ 6 1 55 25.44
QQQ 7 1 51 25.44
QQQ 0 0 51 25.54
QQQ 1 0 45 25.54
QQQ 2 0 47 25.54
QQQ 3 0 44 25.54
QQQ 4 0 45 25.54
QQQ 5 0 51 25.54
QQQ 6 0 53 25.54
QQQ 7 0 52 25.54
QQQ 0 1 53 25.54
QQQ 1 1 53 25.54
QQQ 2 1 52 25.54
QQQ 3 1 49 25.54
QQQ 4 1 52 25.54
QQQ 5 1 53 25.54
QQQ 6 1 55 25.54
QQQ 7 1 52 25.54
QQQ 0 0 51 25.64
QQQ 1 0 44 25.64
QQQ 2 0 47 25.64
QQQ 3 0 44 25.64
QQQ 4 0 45 25.64
QQQ 5 0 51 25.64
QQQ 6 0 53 25.64
QQQ 7 0 52 25.64
QQQ 0 1 52 25.64
QQQ 1 1 53 25.64
QQQ 2 1 52 25.64
QQQ 3 1 50 25.64
QQQ 4 1 52 25.64
QQQ 5 1 53 25.64
QQQ 6 1 54 25.64
QQQ 7 1 52 25.64
QQQ 0 0 52 25.74
QQQ 1 0 45 25.74
QQQ 2 0 46 25.74
QQQ 3 0 43 25.74
QQQ 4 0 45 25.74
QQQ 5 0 53 25.74
QQQ 6 0 54 25.74
QQQ 7 0 53 25.74
QQQ 0 1 53 25.74
QQQ 1 1 54 25.74
QQQ 2 1 52 25.74
QQQ 3 1 49 25.74
QQQ 4 1 52 25.74
QQQ 5 1 53 25.74
QQQ 6 1 54 25.74
QQQ 7 1 52 25.74
QQQ 0 0 51 25.84
QQQ 1 0 45 25.84
QQQ 2 0 47 25.84
QQQ 3 0 44 25.84
QQQ 4 0 45 25.84
QQQ 5 0 52 25.84
QQQ 6 0 53 25.84
QQQ 7 0 53 25.84
QQQ 0 1 52 25.84
QQQ 1 1 53 25.84
QQQ 2 1 53 25.84
QQQ 3 1 49 25.84
QQQ 4 1 51 25.84
QQQ 5 1 53 25.84
QQQ 6 1 55 25.84
QQQ 7 1 52 25.84
QQQ 0 0 52 25.94
QQQ 1 0 45 25.94
QQQ 2 0 46 25.94
QQQ 3 0 44 25.94
QQQ 4 0 45 25.94
QQQ 5 0 52 25.94
QQQ 6 0 53 25.94
QQQ 7 0 52 25.94
QQQ 0 1 52 25.94
QQQ 1 1 54 25.94
QQQ 2 1 52 25.94
QQQ 3 1 49 25.94
QQQ 4 1 52 25.94
QQQ 5 1 53 25.94
QQQ 6 1 55 25.94
QQQ 7 1 52 25.94
QQQ 0 0 50 26.04
QQQ 1 0 45 26.04
QQQ 2 0 47 26.04
QQQ 3 0 44 26.04
QQQ 4 0 46 26.04
QQQ 5 0 52 26.04
QQQ 6 0 53 26.04
QQQ 7 0 53 26.04
QQQ 0 1 53 26.04
QQQ 1 1 54 26.04
QQQ 2 1 53 26.04
QQQ 3 1 50 26.04
QQQ 4 1 52 26.04
QQQ 5 1 53 26.04
QQQ 6 1 55 26.04
QQQ 7 1 52 26.04
QQQ 0 0 52 26.14
QQQ 1 0 45 26.14
QQQ 2 0 47 26.14
QQQ 3 0 44 26.14
QQQ 4 0 45 26.14
QQQ 5 0 53 26.14
QQQ 6 0 53 26.14
QQQ 7 0 52 26.14
QQQ 0 1 52 26.14
QQQ 1 1 54 26.14
QQQ 2 1 53 26.14
QQQ 3 1 49 26.14
QQQ 4 1 53 26.14
QQQ 5 1 53 26.14
QQQ 6 1 55 26.14
QQQ 7 1 53 26.14
QQQ 0 0 51 26.24
QQQ 1 0 45 26.24
QQQ 2 0 47 26.24
QQQ 3 0 44 26.24
QQQ 4 0 46 26.24
QQQ 5 0 52 26.24
QQQ 6 0 53 26.24
QQQ 7 0 53 26.24
QQQ 0 1 52 26.24
QQQ 1 1 54 26.24
QQQ 2 1 53 26.24
QQQ 3 1 49 26.24
QQQ 4 1 52 26.24
QQQ 5 1 53 26.24
QQQ 6 1 54 26.24
QQQ 7 1 53 26.24
QQQ 0 0 51 26.34
QQQ 1 0 45 26.34
QQQ 2 0 46 26.34
QQQ 3 0 43 26.34
QQQ 4 0 45 26.34
QQQ 5 0 52 26.34
QQQ 6 0 54 26.34
QQQ 7 0 53 26.34
QQQ 0 1 52 26.34
QQQ 1 1 54 26.34
QQQ 2 1 53 26.34
QQQ 3 1 50 26.34
QQQ 4 1 52 26.34
QQQ 5 1 53 26.34
QQQ 6 1 55 26.34
QQQ 7 1 52 26.34
QQQ 0 0 51 26.44
QQQ 1 0 45 26.44
QQQ 2 0 47 26.44
QQQ 3 0 43 26.44
QQQ 4 0 45 26.44
QQQ 5 0 53 26.44
QQQ 6 0 53 26.44
QQQ 7 0 53 26.44
QQQ 0 1 53 26.44
QQQ 1 1 54 26.44
QQQ 2 1 53 26.44
QQQ 3 1 49 26.44
QQQ 4 1 52 26.44
QQQ 5 1 53 26.44
QQQ 6 1 54 26.44
QQQ 7 1 53 26.44
QQQ 0 0 52 26.54
QQQ 1 0 45 26.54
QQQ 2 0 47 26.55
QQQ 3 0 44 26.55
QQQ 4 0 46 26.55
QQQ 5 0 52 26.55
QQQ 6 0 53 26.55
QQQ 7 0 53 26.55
QQQ 0 1 52 26.55
QQQ 1 1 55 26.55
QQQ 2 1 53 26.55
QQQ 3 1 49 26.55
QQQ 4 1 53 26.55
QQQ 5 1 53 26.55
QQQ 6 1 55 26.55
QQQ 7 1 52 26.55
QQQ 0 0 51 26.65
QQQ 1 0 45 26.65
QQQ 2 0 47 26.65
QQQ 3 0 44 26.65
QQQ 4 0 45 26.65
QQQ 5 0 52 26.65
QQQ 6 0 53 26.65
QQQ 7 0 53 26.65
QQQ 0 1 52 26.65
QQQ 1 1 54 26.65
QQQ 2 1 53 26.65
QQQ 3 1 50 26.65
QQQ 4 1 52 26.65
QQQ 5 1 52 26.65
QQQ 6 1 55 26.65
QQQ 7 1 52 26.65
QQQ 0 0 51 26.75
QQQ 1 0 45 26.75
QQQ 2 0 47 26.75
QQQ 3 0 44 26.75
QQQ 4 0 46 26.75
QQQ 5 0 52 26.75
QQQ 6 0 53 26.75
QQQ 7 0 53 26.75
QQQ 0 1 52 26.75
QQQ 1 1 53 26.75
QQQ 2 1 53 26.75
QQQ 3 1 49 26.75
QQQ 4 1 52 26.75
QQQ 5 1 53 26.75
QQQ 6 1 55 26.75
QQQ 7 1 52 26.75
QQQ 0 0 51 26.85
QQQ 1 0 45 26.85
QQQ 2 0 46 26.85
QQQ 3 0 44 26.85
QQQ 4 0 46 26.85
QQQ 5 0 53 26.85
QQQ 6 0 53 26.85
QQQ 7 0 53 26.85
QQQ 0 1 52 26.85
QQQ 1 1 54 26.85
QQQ 2 1 53 26.85
QQQ 3 1 49 26.85
QQQ 4 1 53 26.85
QQQ 5 1 53 26.85
QQQ 6 1 55 26.85
QQQ 7 1 52 26.85
QQQ 0 0 51 26.95
QQQ 1 0 45 26.95
QQQ 2 0 47 26.95
QQQ 3 0 44 26.95
QQQ 4 0 45 26.95
QQQ 5 0 53 26.95
QQQ 6 0 53 26.95
QQQ 7 0 52 26.95
QQQ 0 1 52 26.95
QQQ 1 1 54 26.95
QQQ 2 1 53 26.95
QQQ 3 1 50 26.95
QQQ 4 1 53 26.95
QQQ 5 1 53 26.95
QQQ 6 1 55 26.95
QQQ 7 1 53 26.95
QQQ 0 0 51 27.05
QQQ 1 0 45 27.05
QQQ 2 0 47 27.05
QQQ 3 0 44 27.05
QQQ 4 0 46 27.05
QQQ 5 0 53 27.05
QQQ 6 0 54 27.05
QQQ 7 0 53 27.05
QQQ 0 1 53 27.05
QQQ 1 1 54 27.05
QQQ 2 1 53 27.05
QQQ 3 1 49 27.05
QQQ 4 1 53 27.05
QQQ 5 1 53 27.05
QQQ 6 1 55 27.05
QQQ 7 1 52 27.05
QQQ 0 0 52 27.15
QQQ 1 0 46 27.15
QQQ 2 0 47 27.15
QQQ 3 0 44 27.15
QQQ 4 0 46 27.15
QQQ 5 0 52 27.15
QQQ 6 0 54 27.15
QQQ 7 0 52 27.15
QQQ 0 1 52 27.15
QQQ 1 1 54 27.15
QQQ 2 1 53 27.15
QQQ 3 1 49 27.15
QQQ 4 1 53 27.15
QQQ 5 1 53 27.15
QQQ 6 1 54 27.15
QQQ 7 1 52 27.15
QQQ 0 0 52 27.25
QQQ 1 0 45 27.25
QQQ 2 0 47 27.25
QQQ 3 0 44 27.25
QQQ 4 0 46 27.25
QQQ 5 0 53 27.25
QQQ 6 0 53 27.25
QQQ 7 0 53 27.25
QQQ 0 1 52 27.25
QQQ 1 1 54 27.25
QQQ 2 1 54 27.25
QQQ 3 1 49 27.25
QQQ 4 1 53 27.25
QQQ 5 1 52 27.25
QQQ 6 1 55 27.25
QQQ 7 1 52 27.25
QQQ 0 0 51 27.35
QQQ 1 0 45 27.35
QQQ 2 0 47 27.35
QQQ 3 0 44 27.35
QQQ 4 0 46 27.35
QQQ 5 0 52 27.35
QQQ 6 0 53 27.35
QQQ 7 0 53 27.35
QQQ 0 1 52 27.35
QQQ 1 1 54 27.35
QQQ 2 1 53 27.35
QQQ 3 1 50 27.35
QQQ 4 1 52 27.35
QQQ 5 1 53 27.35
QQQ 6 1 55 27.35
QQQ 7 1 52 27.35
QQQ 0 0 52 27.45
QQQ 1 0 45 27.45
QQQ 2 0 47 27.45
QQQ 3 0 44 27.45
QQQ 4 0 45 27.45
QQQ 5 0 53 27.45
QQQ 6 0 54 27.45
QQQ 7 0 53 27.45
QQQ 0 1 52 27.45
QQQ 1 1 54 27.45
QQQ 2 1 53 27.45
QQQ 3 1 50 27.45
QQQ 4 1 52 27.45
QQQ 5 1 53 27.45
QQQ 6 1 55 27.45
QQQ 7 1 52 27.45
QQQ 0 0 52 27.55
QQQ 1 0 45 27.55
QQQ 2 0 47 27.55
QQQ 3 0 44 27.55
QQQ 4 0 46 27.55
QQQ 5 0 52 27.55
QQQ 6 0 54 27.55
QQQ 7 0 53 27.55
QQQ 0 1 52 27.55
QQQ 1 1 54 27.55
QQQ 2 1 54 27.55
QQQ 3 1 50 27.55
QQQ 4 1 52 27.55
QQQ 5 1 53 27.55
QQQ 6 1 55 27.55
QQQ 7 1 52 27.55
QQQ 0 0 51 27.65
QQQ 1 0 45 27.65
QQQ 2 0 47 27.65
QQQ 3 0 44 27.65
QQQ 4 0 46 27.65
QQQ 5 0 54 27.65
QQQ 6 0 54 27.65
QQQ 7 0 53 27.65
QQQ 0 1 53 27.65
QQQ 1 1 54 27.65
QQQ 2 1 52 27.65
QQQ 3 1 50 27.65
QQQ 4 1 52 27.65
QQQ 5 1 53 27.65
QQQ 6 1 55 27.65
QQQ 7 1 53 27.65
QQQ 0 0 51 27.75
QQQ 1 0 45 27.75
QQQ 2 0 47 27.75
QQQ 3 0 44 27.75
QQQ 4 0 45 27.75
QQQ 5 0 53 27.75
QQQ 6 0 54 27.75
QQQ 7 0 53 27.75
QQQ 0 1 53 27.75
QQQ 1 1 54 27.75
QQQ 2 1 53 27.75
QQQ 3 1 50 27.75
QQQ 4 1 52 27.75
QQQ 5 1 53 27.75
QQQ 6 1 55 27.75
QQQ 7 1 53 27.75
QQQ 0 0 52 27.85
QQQ 1 0 45 27.85
QQQ 2 0 47 27.85
QQQ 3 0 44 27.85
QQQ 4 0 45 27.85
QQQ 5 0 53 27.85
QQQ 6 0 54 27.85
QQQ 7 0 53 27.85
QQQ 0 1 53 27.85
QQQ 1 1 54 27.85
QQQ 2 1 53 27.85
QQQ 3 1 50 27.85
QQQ 4 1 52 27.85
QQQ 5 1 53 27.85
QQQ 6 1 55 27.85
QQQ 7 1 53 27.85
QQQ 0 0 51 27.95
QQQ 1 0 45 27.95
QQQ 2 0 48 27.95
QQQ 3 0 44 27.95
QQQ 4 0 45 27.95
QQQ 5 0 53 27.95
QQQ 6 0 54 27.95
QQQ 7 0 53 27.95
QQQ 0 1 53 27.95
QQQ 1 1 54 27.95
QQQ 2 1 54 27.95
QQQ 3 1 50 27.95
QQQ 4 1 53 27.95
QQQ 5 1 53 27.95
QQQ 6 1 56 27.95
QQQ 7 1 52 27.95
QQQ 0 0 50 28.05
QQQ 1 0 45 28.05
QQQ 2 0 47 28.05
QQQ 3 0 45 28.05
QQQ 4 0 46 28.05
QQQ 5 0 53 28.05
QQQ 6 0 55 28.05
QQQ 7 0 53 28.05
QQQ 0 1 53 28.05
QQQ 1 1 54 28.05
QQQ 2 1 53 28.05
QQQ 3 1 50 28.05
QQQ 4 1 52 28.05
QQQ 5 1 53 28.05
QQQ 6 1 55 28.05
QQQ 7 1 52 28.05
QQQ 0 0 51 28.15
QQQ 1 0 45 28.15
QQQ 2 0 47 28.15
QQQ 3 0 44 28.15
QQQ 4 0 46 28.15
QQQ 5 0 53 28.15
QQQ 6 0 54 28.15
QQQ 7 0 53 28.15
QQQ 0 1 53 28.15
QQQ 1 1 54 28.15
QQQ 2 1 53 28.15
QQQ 3 1 50 28.15
QQQ 4 1 52 28.15
QQQ 5 1 53 28.15
QQQ 6 1 55 28.15
QQQ 7 1 53 28.15
QQQ 0 0 51 28.25
QQQ 1 0 45 28.25
QQQ 2 0 47 28.25
QQQ 3 0 44 28.25
QQQ 4 0 46 28.25
QQQ 5 0 53 28.25
QQQ 6 0 54 28.25
QQQ 7 0 53 28.25
QQQ 0 1 54 28.25
QQQ 1 1 54 28.25
QQQ 2 1 53 28.25
QQQ 3 1 50 28.25
QQQ 4 1 53 28.25
QQQ 5 1 53 28.25
QQQ 6 1 55 28.25
QQQ 7 1 53 28.25
QQQ 0 0 51 28.35
QQQ 1 0 45 28.35
QQQ 2 0 48 28.35
QQQ 3 0 45 28.35
QQQ 4 0 46 28.35
QQQ 5 0 53 28.35
QQQ 6 0 54 28.35
QQQ 7 0 53 28.35
QQQ 0 1 53 28.35
QQQ 1 1 54 28.35
QQQ 2 1 54 28.35
QQQ 3 1 50 28.35
QQQ 4 1 52 28.35
QQQ 5 1 53 28.35
QQQ 6 1 55 28.35
QQQ 7 1 52 28.35
QQQ 0 0 52 28.45
QQQ 1 0 45 28.45
QQQ 2 0 47 28.45
QQQ 3 0 45 28.45
QQQ 4 0 46 28.45
QQQ 5 0 54 28.45
QQQ 6 0 54 28.45
QQQ 7 0 53 28.45
QQQ 0 1 53 28.45
QQQ 1 1 54 28.45
QQQ 2 1 53 28.45
QQQ 3 1 50 28.45
QQQ 4 1 53 28.45
QQQ 5 1 54 28.45
QQQ 6 1 55 28.45
QQQ 7 1 52 28.45
QQQ 0 0 51 28.55
QQQ 1 0 45 28.55
QQQ 2 0 47 28.55
QQQ 3 0 45 28.55
QQQ 4 0 46 28.55
QQQ 5 0 52 28.55
QQQ 6 0 54 28.55
QQQ 7 0 53 28.55
QQQ 0 1 53 28.55
QQQ 1 1 54 28.55
QQQ 2 1 54 28.55
QQQ 3 1 50 28.55
QQQ 4 1 53 28.55
QQQ 5 1 53 28.55
QQQ 6 1 54 28.55
QQQ 7 1 53 28.55
QQQ 0 0 51 28.65
QQQ 1 0 45 28.65
QQQ 2 0 48 28.65
QQQ 3 0 44 28.65
QQQ 4 0 46 28.65
QQQ 5 0 54 28.65
QQQ 6 0 54 28.65
QQQ 7 0 53 28.65
QQQ 0 1 54 28.65
QQQ 1 1 54 28.65
QQQ 2 1 54 28.65
QQQ 3 1 50 28.65
QQQ 4 1 52 28.65
QQQ 5 1 53 28.65
QQQ 6 1 55 28.65
QQQ 7 1 53 28.65
QQQ 0 0 51 28.75
QQQ 1 0 45 28.75
QQQ 2 0 48 28.75
QQQ 3 0 44 28.75
QQQ 4 0 46 28.75
QQQ 5 0 53 28.75
QQQ 6 0 54 28.75
QQQ 7 0 53 28.75
QQQ 0 1 52 28.75
QQQ 1 1 54 28.75
QQQ 2 1 54 28.75
QQQ 3 1 50 28.75
QQQ 4 1 52 28.75
QQQ 5 1 53 28.75
QQQ 6 1 55 28.75
QQQ 7 1 53 28.75
QQQ 0 0 52 28.85
QQQ 1 0 45 28.85
QQQ 2 0 47 28.85
QQQ 3 0 44 28.85
QQQ 4 0 46 28.85
QQQ 5 0 52 28.85
QQQ 6 0 55 28.85
QQQ 7 0 53 28.85
QQQ 0 1 52 28.85
QQQ 1 1 54 28.85
QQQ 2 1 54 28.85
QQQ 3 1 50 28.85
QQQ 4 1 52 28.85
QQQ 5 1 54 28.85
QQQ 6 1 55 28.85
QQQ 7 1 52 28.85
QQQ 0 0 52 28.95
QQQ 1 0 45 28.95
QQQ 2 0 47 28.95
QQQ 3 0 44 28.95
QQQ 4 0 47 28.95
QQQ 5 0 54 28.95
QQQ 6 0 55 28.95
QQQ 7 0 53 28.95
QQQ 0 1 53 28.95
QQQ 1 1 54 28.95
QQQ 2 1 54 28.95
QQQ 3 1 50 28.95
QQQ 4 1 52 28.95
QQQ 5 1 53 28.95
QQQ 6 1 55 28.95
QQQ 7 1 52 28.95
QQQ 0 0 52 29.05
QQQ 1 0 45 29.05
QQQ 2 0 48 29.05
QQQ 3 0 45 29.05
QQQ 4 0 46 29.05
QQQ 5 0 54 29.05
QQQ 6 0 55 29.05
QQQ 7 0 53 29.05
QQQ 0 1 53 29.05
QQQ 1 1 54 29.05
QQQ 2 1 54 29.05
QQQ 3 1 50 29.05
QQQ 4 1 52 29.05
QQQ 5 1 53 29.05
QQQ 6 1 55 29.05
QQQ 7 1 52 29.05
QQQ 0 0 52 29.15
QQQ 1 0 46 29.15
QQQ 2 0 48 29.15
QQQ 3 0 44 29.15
QQQ 4 0 46 29.15
QQQ 5 0 54 29.15
QQQ 6 0 55 29.15
QQQ 7 0 53 29.15
QQQ 0 1 53 29.15
QQQ 1 1 54 29.15
QQQ 2 1 53 29.15
QQQ 3 1 50 29.15
QQQ 4 1 52 29.15
QQQ 5 1 54 29.15
QQQ 6 1 55 29.15
QQQ 7 1 53 29.15
QQQ 0 0 51 29.25
QQQ 1 0 45 29.25
QQQ 2 0 48 29.25
QQQ 3 0 44 29.25
QQQ 4 0 46 29.25
QQQ 5 0 53 29.25
QQQ 6 0 55 29.25
QQQ 7 0 54 29.25
QQQ 0 1 53 29.25
QQQ 1 1 54 29.25
QQQ 2 1 53 29.25
QQQ 3 1 51 29.25
QQQ 4 1 52 29.25
QQQ 5 1 53 29.25
QQQ 6 1 55 29.25
QQQ 7 1 53 29.25
QQQ 0 0 52 29.35
QQQ 1 0 45 29.35
QQQ 2 0 48 29.35
QQQ 3 0 44 29.35
QQQ 4 0 46 29.35
QQQ 5 0 53 29.35
QQQ 6 0 55 29.35
QQQ 7 0 53 29.35
QQQ 0 1 53 29.35
QQQ 1 1 54 29.35
QQQ 2 1 54 29.35
QQQ 3 1 50 29.35
QQQ 4 1 53 29.35
QQQ 5 1 54 29.35
QQQ 6 1 56 29.35
QQQ 7 1 53 29.35
QQQ 0 0 51 29.45
QQQ 1 0 45 29.45
QQQ 2 0 47 29.45
QQQ 3 0 44 29.45
QQQ 4 0 47 29.45
QQQ 5 0 53 29.45
QQQ 6 0 55 29.45
QQQ 7 0 53 29.45
QQQ 0 1 53 29.45
QQQ 1 1 54 29.45
QQQ 2 1 55 29.45
QQQ 3 1 50 29.45
QQQ 4 1 52 29.45
QQQ 5 1 53 29.45
QQQ 6 1 55 29.45
QQQ 7 1 53 29.45
QQQ 0 0 52 29.55
QQQ 1 0 45 29.55
QQQ 2 0 47 29.55
QQQ 3 0 45 29.55
QQQ 4 0 47 29.55
QQQ 5 0 54 29.55
QQQ 6 0 55 29.55
QQQ 7 0 53 29.55
QQQ 0 1 53 29.55
QQQ 1 1 54 29.55
QQQ 2 1 53 29.55
QQQ 3 1 50 29.55
QQQ 4 1 52 29.55
QQQ 5 1 53 29.55
QQQ 6 1 55 29.55
QQQ 7 1 52 29.55
QQQ 0 0 52 29.65
QQQ 1 0 45 29.65
QQQ 2 0 47 29.65
QQQ 3 0 45 29.65
QQQ 4 0 47 29.65
QQQ 5 0 54 29.65
QQQ 6 0 55 29.65
QQQ 7 0 54 29.65
QQQ 0 1 53 29.65
QQQ 1 1 54 29.65
QQQ 2 1 54 29.65
QQQ 3 1 51 29.65
QQQ 4 1 53 29.65
QQQ 5 1 54 29.65
QQQ 6 1 55 29.65
QQQ 7 1 52 29.65
QQQ 0 0 52 29.75
QQQ 1 0 45 29.75
QQQ 2 0 47 29.75
QQQ 3 0 44 29.75
QQQ 4 0 47 29.75
QQQ 5 0 53 29.75
QQQ 6 0 55 29.75
QQQ 7 0 54 29.75
QQQ 0 1 54 29.75
QQQ 1 1 54 29.75
QQQ 2 1 54 29.75
QQQ 3 1 50 29.75
QQQ 4 1 53 29.75
QQQ 5 1 54 29.75
QQQ 6 1 56 29.75
QQQ 7 1 53 29.75
QQQ 0 0 53 29.85
QQQ 1 0 45 29.85
QQQ 2 0 47 29.85
QQQ 3 0 45 29.85
QQQ 4 0 47 29.85
QQQ 5 0 54 29.85
QQQ 6 0 55 29.85
QQQ 7 0 54 29.85
QQQ 0 1 53 29.85
QQQ 1 1 55 29.85
QQQ 2 1 54 29.85
QQQ 3 1 50 29.85
QQQ 4 1 52 29.85
QQQ 5 1 53 29.85
QQQ 6 1 56 29.85
QQQ 7 1 53 29.85
