Q core socket tempC time
QQQ 0 0 31 0.00
QQQ 1 0 32 0.00
QQQ 2 0 35 0.00
QQQ 3 0 39 0.00
QQQ 4 0 29 0.00
QQQ 5 0 31 0.00
QQQ 6 0 27 0.00
QQQ 7 0 29 0.00
QQQ 0 1 29 0.00
QQQ 1 1 27 0.00
QQQ 2 1 28 0.00
QQQ 3 1 24 0.00
QQQ 4 1 27 0.00
QQQ 5 1 27 0.00
QQQ 6 1 30 0.00
QQQ 7 1 29 0.00
QQQ 0 0 31 0.10
QQQ 1 0 32 0.10
QQQ 2 0 36 0.10
QQQ 3 0 39 0.10
QQQ 4 0 28 0.10
QQQ 5 0 32 0.10
QQQ 6 0 27 0.10
QQQ 7 0 29 0.10
QQQ 0 1 29 0.10
QQQ 1 1 27 0.10
QQQ 2 1 27 0.10
QQQ 3 1 24 0.10
QQQ 4 1 27 0.10
QQQ 5 1 25 0.10
QQQ 6 1 29 0.10
QQQ 7 1 28 0.10
QQQ 0 0 31 0.20
QQQ 1 0 32 0.20
QQQ 2 0 36 0.20
QQQ 3 0 39 0.20
QQQ 4 0 28 0.20
QQQ 5 0 32 0.20
QQQ 6 0 27 0.20
QQQ 7 0 30 0.20
QQQ 0 1 29 0.20
QQQ 1 1 27 0.20
QQQ 2 1 28 0.20
QQQ 3 1 24 0.20
QQQ 4 1 27 0.20
QQQ 5 1 26 0.20
QQQ 6 1 29 0.20
QQQ 7 1 28 0.20
QQQ 0 0 31 0.30
QQQ 1 0 33 0.30
QQQ 2 0 37 0.30
QQQ 3 0 39 0.30
QQQ 4 0 28 0.30
QQQ 5 0 31 0.30
QQQ 6 0 28 0.30
QQQ 7 0 29 0.30
QQQ 0 1 29 0.30
QQQ 1 1 27 0.30
QQQ 2 1 28 0.30
QQQ 3 1 24 0.30
QQQ 4 1 27 0.30
QQQ 5 1 26 0.30
QQQ 6 1 30 0.30
QQQ 7 1 28 0.30
QQQ 0 0 32 0.40
QQQ 1 0 33 0.40
QQQ 2 0 37 0.40
QQQ 3 0 40 0.40
QQQ 4 0 28 0.40
QQQ 5 0 31 0.40
QQQ 6 0 28 0.40
QQQ 7 0 30 0.40
QQQ 0 1 29 0.40
QQQ 1 1 27 0.40
QQQ 2 1 28 0.40
QQQ 3 1 24 0.40
QQQ 4 1 27 0.40
QQQ 5 1 26 0.40
QQQ 6 1 29 0.40
QQQ 7 1 28 0.40
QQQ 0 0 32 0.50
QQQ 1 0 33 0.50
QQQ 2 0 37 0.50
QQQ 3 0 40 0.50
QQQ 4 0 28 0.50
QQQ 5 0 31 0.50
QQQ 6 0 27 0.50
QQQ 7 0 29 0.50
QQQ 0 1 29 0.50
QQQ 1 1 27 0.50
QQQ 2 1 28 0.50
QQQ 3 1 25 0.50
QQQ 4 1 27 0.50
QQQ 5 1 26 0.50
QQQ 6 1 29 0.50
QQQ 7 1 28 0.50
QQQ 0 0 31 0.60
QQQ 1 0 33 0.60
QQQ 2 0 37 0.60
QQQ 3 0 40 0.60
QQQ 4 0 29 0.60
QQQ 5 0 31 0.60
QQQ 6 0 28 0.60
QQQ 7 0 30 0.60
QQQ 0 1 29 0.60
QQQ 1 1 27 0.60
QQQ 2 1 28 0.60
QQQ 3 1 24 0.60
QQQ 4 1 27 0.60
QQQ 5 1 26 0.60
QQQ 6 1 29 0.60
QQQ 7 1 28 0.60
QQQ 0 0 32 0.70
QQQ 1 0 33 0.70
QQQ 2 0 37 0.70
QQQ 3 0 40 0.70
QQQ 4 0 29 0.70
QQQ 5 0 31 0.70
QQQ 6 0 29 0.70
QQQ 7 0 30 0.70
QQQ 0 1 29 0.70
QQQ 1 1 27 0.70
QQQ 2 1 28 0.70
QQQ 3 1 24 0.70
QQQ 4 1 27 0.71
QQQ 5 1 26 0.71
QQQ 6 1 30 0.71
QQQ 7 1 29 0.71
QQQ 0 0 32 0.81
QQQ 1 0 33 0.81
QQQ 2 0 38 0.81
QQQ 3 0 40 0.81
QQQ 4 0 30 0.81
QQQ 5 0 32 0.81
QQQ 6 0 28 0.81
QQQ 7 0 30 0.81
QQQ 0 1 29 0.81
QQQ 1 1 27 0.81
QQQ 2 1 27 0.81
QQQ 3 1 25 0.81
QQQ 4 1 27 0.81
QQQ 5 1 26 0.81
QQQ 6 1 30 0.81
QQQ 7 1 28 0.81
QQQ 0 0 32 0.91
QQQ 1 0 33 0.91
QQQ 2 0 37 0.91
QQQ 3 0 40 0.91
QQQ 4 0 29 0.91
QQQ 5 0 32 0.91
QQQ 6 0 28 0.91
QQQ 7 0 30 0.91
QQQ 0 1 29 0.91
QQQ 1 1 28 0.91
QQQ 2 1 28 0.91
QQQ 3 1 24 0.91
QQQ 4 1 28 0.91
QQQ 5 1 27 0.91
QQQ 6 1 29 0.91
QQQ 7 1 28 0.91
QQQ 0 0 32 1.01
QQQ 1 0 33 1.01
QQQ 2 0 37 1.01
QQQ 3 0 40 1.01
QQQ 4 0 28 1.01
QQQ 5 0 32 1.01
QQQ 6 0 29 1.01
QQQ 7 0 30 1.01
QQQ 0 1 28 1.01
QQQ 1 1 27 1.01
QQQ 2 1 27 1.01
QQQ 3 1 24 1.01
QQQ 4 1 27 1.01
QQQ 5 1 26 1.01
QQQ 6 1 30 1.01
QQQ 7 1 29 1.01
QQQ 0 0 32 1.11
QQQ 1 0 33 1.11
QQQ 2 0 37 1.11
QQQ 3 0 40 1.11
QQQ 4 0 29 1.11
QQQ 5 0 32 1.11
QQQ 6 0 29 1.11
QQQ 7 0 30 1.11
QQQ 0 1 28 1.11
QQQ 1 1 26 1.11
QQQ 2 1 28 1.11
QQQ 3 1 24 1.11
QQQ 4 1 27 1.11
QQQ 5 1 26 1.11
QQQ 6 1 30 1.11
QQQ 7 1 29 1.11
QQQ 0 0 32 1.21
QQQ 1 0 33 1.21
QQQ 2 0 38 1.21
QQQ 3 0 41 1.21
QQQ 4 0 30 1.21
QQQ 5 0 31 1.21
QQQ 6 0 29 1.21
QQQ 7 0 30 1.21
QQQ 0 1 28 1.21
QQQ 1 1 27 1.21
QQQ 2 1 27 1.21
QQQ 3 1 24 1.21
QQQ 4 1 27 1.21
QQQ 5 1 26 1.21
QQQ 6 1 29 1.21
QQQ 7 1 27 1.21
QQQ 0 0 33 1.31
QQQ 1 0 34 1.31
QQQ 2 0 38 1.31
QQQ 3 0 40 1.31
QQQ 4 0 30 1.31
QQQ 5 0 32 1.31
QQQ 6 0 29 1.31
QQQ 7 0 30 1.31
QQQ 0 1 29 1.31
QQQ 1 1 27 1.31
QQQ 2 1 27 1.31
QQQ 3 1 24 1.31
QQQ 4 1 27 1.31
QQQ 5 1 26 1.31
QQQ 6 1 29 1.31
QQQ 7 1 28 1.31
QQQ 0 0 32 1.41
QQQ 1 0 34 1.41
QQQ 2 0 38 1.41
QQQ 3 0 41 1.41
QQQ 4 0 30 1.41
QQQ 5 0 31 1.41
QQQ 6 0 29 1.41
QQQ 7 0 30 1.41
QQQ 0 1 28 1.41
QQQ 1 1 27 1.41
QQQ 2 1 28 1.41
QQQ 3 1 24 1.41
QQQ 4 1 28 1.41
QQQ 5 1 25 1.41
QQQ 6 1 29 1.41
QQQ 7 1 27 1.41
QQQ 0 0 32 1.51
QQQ 1 0 34 1.51
QQQ 2 0 38 1.51
QQQ 3 0 41 1.51
QQQ 4 0 29 1.51
QQQ 5 0 32 1.51
QQQ 6 0 29 1.51
QQQ 7 0 31 1.51
QQQ 0 1 29 1.51
QQQ 1 1 27 1.51
QQQ 2 1 28 1.51
QQQ 3 1 24 1.51
QQQ 4 1 27 1.51
QQQ 5 1 26 1.51
QQQ 6 1 30 1.51
QQQ 7 1 28 1.51
QQQ 0 0 32 1.61
QQQ 1 0 34 1.61
QQQ 2 0 38 1.61
QQQ 3 0 42 1.61
QQQ 4 0 29 1.61
QQQ 5 0 33 1.61
QQQ 6 0 30 1.61
QQQ 7 0 30 1.61
QQQ 0 1 29 1.61
QQQ 1 1 27 1.61
QQQ 2 1 28 1.61
QQQ 3 1 24 1.61
QQQ 4 1 27 1.61
QQQ 5 1 26 1.61
QQQ 6 1 29 1.61
QQQ 7 1 28 1.61
QQQ 0 0 32 1.71
QQQ 1 0 34 1.71
QQQ 2 0 38 1.71
QQQ 3 0 40 1.71
QQQ 4 0 29 1.71
QQQ 5 0 32 1.71
QQQ 6 0 29 1.71
QQQ 7 0 30 1.71
QQQ 0 1 29 1.71
QQQ 1 1 27 1.71
QQQ 2 1 29 1.71
QQQ 3 1 24 1.71
QQQ 4 1 28 1.71
QQQ 5 1 27 1.71
QQQ 6 1 30 1.71
QQQ 7 1 28 1.71
QQQ 0 0 32 1.81
QQQ 1 0 34 1.81
QQQ 2 0 38 1.81
QQQ 3 0 41 1.81
QQQ 4 0 29 1.81
QQQ 5 0 33 1.81
QQQ 6 0 29 1.81
QQQ 7 0 31 1.81
QQQ 0 1 28 1.81
QQQ 1 1 27 1.81
QQQ 2 1 28 1.81
QQQ 3 1 24 1.81
QQQ 4 1 27 1.81
QQQ 5 1 25 1.81
QQQ 6 1 29 1.81
QQQ 7 1 28 1.81
QQQ 0 0 32 1.91
QQQ 1 0 34 1.91
QQQ 2 0 38 1.91
QQQ 3 0 41 1.91
QQQ 4 0 29 1.91
QQQ 5 0 32 1.91
QQQ 6 0 30 1.91
QQQ 7 0 31 1.91
QQQ 0 1 29 1.91
QQQ 1 1 27 1.91
QQQ 2 1 28 1.91
QQQ 3 1 24 1.91
QQQ 4 1 27 1.91
QQQ 5 1 26 1.91
QQQ 6 1 29 1.91
QQQ 7 1 27 1.91
QQQ 0 0 32 2.01
QQQ 1 0 33 2.01
QQQ 2 0 38 2.01
QQQ 3 0 41 2.01
QQQ 4 0 29 2.01
QQQ 5 0 33 2.01
QQQ 6 0 30 2.01
QQQ 7 0 31 2.01
QQQ 0 1 29 2.01
QQQ 1 1 27 2.01
QQQ 2 1 28 2.01
QQQ 3 1 24 2.01
QQQ 4 1 27 2.01
QQQ 5 1 25 2.01
QQQ 6 1 29 2.01
QQQ 7 1 28 2.01
QQQ 0 0 33 2.11
QQQ 1 0 34 2.11
QQQ 2 0 38 2.11
QQQ 3 0 41 2.11
QQQ 4 0 30 2.11
QQQ 5 0 33 2.11
QQQ 6 0 29 2.12
QQQ 7 0 30 2.12
QQQ 0 1 28 2.12
QQQ 1 1 27 2.12
QQQ 2 1 28 2.12
QQQ 3 1 24 2.12
QQQ 4 1 28 2.12
QQQ 5 1 25 2.12
QQQ 6 1 30 2.12
QQQ 7 1 28 2.12
QQQ 0 0 32 2.22
QQQ 1 0 34 2.22
QQQ 2 0 39 2.22
QQQ 3 0 41 2.22
QQQ 4 0 29 2.22
QQQ 5 0 34 2.22
QQQ 6 0 29 2.22
QQQ 7 0 31 2.22
QQQ 0 1 29 2.22
QQQ 1 1 27 2.22
QQQ 2 1 27 2.22
QQQ 3 1 24 2.22
QQQ 4 1 27 2.22
QQQ 5 1 26 2.22
QQQ 6 1 30 2.22
QQQ 7 1 28 2.22
QQQ 0 0 32 2.32
QQQ 1 0 34 2.32
QQQ 2 0 39 2.32
QQQ 3 0 41 2.32
QQQ 4 0 30 2.32
QQQ 5 0 33 2.32
QQQ 6 0 29 2.32
QQQ 7 0 31 2.32
QQQ 0 1 29 2.32
QQQ 1 1 27 2.32
QQQ 2 1 28 2.32
QQQ 3 1 24 2.32
QQQ 4 1 26 2.32
QQQ 5 1 25 2.32
QQQ 6 1 30 2.32
QQQ 7 1 28 2.32
QQQ 0 0 32 2.42
QQQ 1 0 35 2.42
QQQ 2 0 38 2.42
QQQ 3 0 41 2.42
QQQ 4 0 31 2.42
QQQ 5 0 33 2.42
QQQ 6 0 31 2.42
QQQ 7 0 31 2.42
QQQ 0 1 29 2.42
QQQ 1 1 27 2.42
QQQ 2 1 28 2.42
QQQ 3 1 24 2.42
QQQ 4 1 27 2.42
QQQ 5 1 26 2.42
QQQ 6 1 29 2.42
QQQ 7 1 29 2.42
QQQ 0 0 33 2.52
QQQ 1 0 34 2.52
QQQ 2 0 39 2.52
QQQ 3 0 40 2.52
QQQ 4 0 30 2.52
QQQ 5 0 34 2.52
QQQ 6 0 30 2.52
QQQ 7 0 31 2.52
QQQ 0 1 29 2.52
QQQ 1 1 28 2.52
QQQ 2 1 28 2.52
QQQ 3 1 25 2.52
QQQ 4 1 27 2.52
QQQ 5 1 26 2.52
QQQ 6 1 30 2.52
QQQ 7 1 28 2.52
QQQ 0 0 33 2.62
QQQ 1 0 34 2.62
QQQ 2 0 38 2.62
QQQ 3 0 42 2.62
QQQ 4 0 29 2.62
QQQ 5 0 33 2.62
QQQ 6 0 31 2.62
QQQ 7 0 31 2.62
QQQ 0 1 29 2.62
QQQ 1 1 27 2.62
QQQ 2 1 28 2.62
QQQ 3 1 24 2.62
QQQ 4 1 27 2.62
QQQ 5 1 27 2.62
QQQ 6 1 29 2.62
QQQ 7 1 29 2.62
QQQ 0 0 33 2.72
QQQ 1 0 34 2.72
QQQ 2 0 38 2.72
QQQ 3 0 42 2.72
QQQ 4 0 30 2.72
QQQ 5 0 33 2.72
QQQ 6 0 29 2.72
QQQ 7 0 30 2.72
QQQ 0 1 28 2.72
QQQ 1 1 27 2.72
QQQ 2 1 27 2.72
QQQ 3 1 24 2.72
QQQ 4 1 27 2.72
QQQ 5 1 25 2.72
QQQ 6 1 29 2.72
QQQ 7 1 29 2.72
QQQ 0 0 33 2.82
QQQ 1 0 34 2.82
QQQ 2 0 38 2.82
QQQ 3 0 41 2.82
QQQ 4 0 29 2.82
QQQ 5 0 32 2.82
QQQ 6 0 29 2.82
QQQ 7 0 31 2.82
QQQ 0 1 29 2.82
QQQ 1 1 27 2.82
QQQ 2 1 27 2.82
QQQ 3 1 24 2.82
QQQ 4 1 27 2.82
QQQ 5 1 26 2.82
QQQ 6 1 29 2.82
QQQ 7 1 28 2.82
QQQ 0 0 33 2.92
QQQ 1 0 34 2.92
QQQ 2 0 39 2.92
QQQ 3 0 41 2.92
QQQ 4 0 30 2.92
QQQ 5 0 33 2.92
QQQ 6 0 29 2.92
QQQ 7 0 31 2.92
QQQ 0 1 29 2.92
QQQ 1 1 27 2.92
QQQ 2 1 28 2.92
QQQ 3 1 24 2.92
QQQ 4 1 27 2.92
QQQ 5 1 25 2.92
QQQ 6 1 29 2.92
QQQ 7 1 29 2.92
QQQ 0 0 33 3.02
QQQ 1 0 34 3.02
QQQ 2 0 39 3.02
QQQ 3 0 41 3.02
QQQ 4 0 30 3.02
QQQ 5 0 33 3.02
QQQ 6 0 30 3.02
QQQ 7 0 31 3.02
QQQ 0 1 29 3.02
QQQ 1 1 27 3.02
QQQ 2 1 28 3.02
QQQ 3 1 24 3.02
QQQ 4 1 27 3.02
QQQ 5 1 26 3.02
QQQ 6 1 29 3.02
QQQ 7 1 29 3.02
QQQ 0 0 33 3.12
QQQ 1 0 34 3.12
QQQ 2 0 39 3.12
QQQ 3 0 42 3.12
QQQ 4 0 30 3.12
QQQ 5 0 33 3.12
QQQ 6 0 29 3.12
QQQ 7 0 31 3.12
QQQ 0 1 28 3.12
QQQ 1 1 27 3.12
QQQ 2 1 28 3.12
QQQ 3 1 24 3.12
QQQ 4 1 27 3.12
QQQ 5 1 26 3.12
QQQ 6 1 29 3.12
QQQ 7 1 28 3.12
QQQ 0 0 33 3.22
QQQ 1 0 35 3.22
QQQ 2 0 39 3.22
QQQ 3 0 41 3.22
QQQ 4 0 30 3.22
QQQ 5 0 34 3.22
QQQ 6 0 30 3.22
QQQ 7 0 31 3.22
QQQ 0 1 28 3.22
QQQ 1 1 27 3.22
QQQ 2 1 28 3.22
QQQ 3 1 24 3.22
QQQ 4 1 27 3.22
QQQ 5 1 26 3.22
QQQ 6 1 29 3.22
QQQ 7 1 29 3.22
QQQ 0 0 33 3.32
QQQ 1 0 35 3.32
QQQ 2 0 39 3.32
QQQ 3 0 42 3.32
QQQ 4 0 30 3.32
QQQ 5 0 33 3.32
QQQ 6 0 30 3.32
QQQ 7 0 30 3.32
QQQ 0 1 29 3.32
QQQ 1 1 28 3.32
QQQ 2 1 29 3.32
QQQ 3 1 24 3.32
QQQ 4 1 27 3.32
QQQ 5 1 27 3.32
QQQ 6 1 29 3.32
QQQ 7 1 28 3.32
QQQ 0 0 33 3.42
QQQ 1 0 35 3.42
QQQ 2 0 39 3.42
QQQ 3 0 41 3.42
QQQ 4 0 30 3.42
QQQ 5 0 34 3.42
QQQ 6 0 31 3.42
QQQ 7 0 31 3.42
QQQ 0 1 29 3.42
QQQ 1 1 28 3.42
QQQ 2 1 28 3.42
QQQ 3 1 25 3.42
QQQ 4 1 28 3.42
QQQ 5 1 26 3.43
QQQ 6 1 29 3.43
QQQ 7 1 30 3.43
QQQ 0 0 34 3.53
QQQ 1 0 35 3.53
QQQ 2 0 39 3.53
QQQ 3 0 42 3.53
QQQ 4 0 30 3.53
QQQ 5 0 34 3.53
QQQ 6 0 29 3.53
QQQ 7 0 31 3.53
QQQ 0 1 29 3.53
QQQ 1 1 27 3.53
QQQ 2 1 28 3.53
QQQ 3 1 25 3.53
QQQ 4 1 27 3.53
QQQ 5 1 26 3.53
QQQ 6 1 30 3.53
QQQ 7 1 29 3.53
QQQ 0 0 33 3.63
QQQ 1 0 35 3.63
QQQ 2 0 39 3.63
QQQ 3 0 41 3.63
QQQ 4 0 30 3.63
QQQ 5 0 33 3.63
QQQ 6 0 30 3.63
QQQ 7 0 31 3.63
QQQ 0 1 28 3.63
QQQ 1 1 27 3.63
QQQ 2 1 28 3.63
QQQ 3 1 24 3.63
QQQ 4 1 27 3.63
QQQ 5 1 26 3.63
QQQ 6 1 29 3.63
QQQ 7 1 29 3.63
QQQ 0 0 34 3.73
QQQ 1 0 34 3.73
QQQ 2 0 39 3.73
QQQ 3 0 42 3.73
QQQ 4 0 30 3.73
QQQ 5 0 35 3.73
QQQ 6 0 29 3.73
QQQ 7 0 31 3.73
QQQ 0 1 28 3.73
QQQ 1 1 27 3.73
QQQ 2 1 28 3.73
QQQ 3 1 24 3.73
QQQ 4 1 27 3.73
QQQ 5 1 26 3.73
QQQ 6 1 29 3.73
QQQ 7 1 28 3.73
QQQ 0 0 33 3.83
QQQ 1 0 35 3.83
QQQ 2 0 39 3.83
QQQ 3 0 42 3.83
QQQ 4 0 30 3.83
QQQ 5 0 33 3.83
QQQ 6 0 30 3.83
QQQ 7 0 31 3.83
QQQ 0 1 29 3.83
QQQ 1 1 27 3.83
QQQ 2 1 28 3.83
QQQ 3 1 24 3.83
QQQ 4 1 28 3.83
QQQ 5 1 26 3.83
QQQ 6 1 29 3.83
QQQ 7 1 28 3.83
QQQ 0 0 34 3.93
QQQ 1 0 35 3.93
QQQ 2 0 39 3.93
QQQ 3 0 41 3.93
QQQ 4 0 31 3.93
QQQ 5 0 33 3.93
QQQ 6 0 31 3.93
QQQ 7 0 31 3.93
QQQ 0 1 29 3.93
QQQ 1 1 27 3.93
QQQ 2 1 28 3.93
QQQ 3 1 25 3.93
QQQ 4 1 28 3.93
QQQ 5 1 27 3.93
QQQ 6 1 29 3.93
QQQ 7 1 28 3.93
QQQ 0 0 34 4.03
QQQ 1 0 35 4.03
QQQ 2 0 39 4.03
QQQ 3 0 41 4.03
QQQ 4 0 31 4.03
QQQ 5 0 34 4.03
QQQ 6 0 30 4.03
QQQ 7 0 31 4.03
QQQ 0 1 29 4.03
QQQ 1 1 27 4.03
QQQ 2 1 28 4.03
QQQ 3 1 25 4.03
QQQ 4 1 27 4.03
QQQ 5 1 26 4.03
QQQ 6 1 29 4.03
QQQ 7 1 28 4.03
QQQ 0 0 34 4.13
QQQ 1 0 34 4.13
QQQ 2 0 39 4.13
QQQ 3 0 42 4.13
QQQ 4 0 31 4.13
QQQ 5 0 34 4.13
QQQ 6 0 30 4.13
QQQ 7 0 32 4.13
QQQ 0 1 29 4.13
QQQ 1 1 27 4.13
QQQ 2 1 28 4.13
QQQ 3 1 23 4.13
QQQ 4 1 27 4.13
QQQ 5 1 26 4.13
QQQ 6 1 29 4.13
QQQ 7 1 29 4.13
QQQ 0 0 34 4.23
QQQ 1 0 34 4.23
QQQ 2 0 39 4.23
QQQ 3 0 42 4.23
QQQ 4 0 31 4.23
QQQ 5 0 34 4.23
QQQ 6 0 30 4.23
QQQ 7 0 31 4.23
QQQ 0 1 29 4.23
QQQ 1 1 27 4.23
QQQ 2 1 28 4.23
QQQ 3 1 25 4.23
QQQ 4 1 27 4.23
QQQ 5 1 25 4.23
QQQ 6 1 30 4.23
QQQ 7 1 29 4.23
QQQ 0 0 34 4.33
QQQ 1 0 34 4.33
QQQ 2 0 40 4.33
QQQ 3 0 42 4.33
QQQ 4 0 31 4.33
QQQ 5 0 34 4.33
QQQ 6 0 30 4.33
QQQ 7 0 31 4.33
QQQ 0 1 29 4.33
QQQ 1 1 27 4.33
QQQ 2 1 28 4.33
QQQ 3 1 25 4.33
QQQ 4 1 28 4.33
QQQ 5 1 25 4.33
QQQ 6 1 29 4.33
QQQ 7 1 28 4.33
QQQ 0 0 33 4.43
QQQ 1 0 34 4.43
QQQ 2 0 39 4.43
QQQ 3 0 41 4.43
QQQ 4 0 30 4.43
QQQ 5 0 34 4.43
QQQ 6 0 30 4.43
QQQ 7 0 31 4.43
QQQ 0 1 28 4.43
QQQ 1 1 27 4.43
QQQ 2 1 28 4.43
QQQ 3 1 24 4.43
QQQ 4 1 27 4.43
QQQ 5 1 25 4.43
QQQ 6 1 29 4.43
QQQ 7 1 29 4.43
QQQ 0 0 33 4.53
QQQ 1 0 34 4.53
QQQ 2 0 40 4.53
QQQ 3 0 42 4.53
QQQ 4 0 31 4.53
QQQ 5 0 34 4.53
QQQ 6 0 31 4.53
QQQ 7 0 31 4.53
QQQ 0 1 28 4.53
QQQ 1 1 27 4.53
QQQ 2 1 28 4.53
QQQ 3 1 24 4.53
QQQ 4 1 27 4.53
QQQ 5 1 26 4.53
QQQ 6 1 29 4.53
QQQ 7 1 28 4.53
QQQ 0 0 34 4.63
QQQ 1 0 35 4.63
QQQ 2 0 40 4.63
QQQ 3 0 42 4.63
QQQ 4 0 31 4.63
QQQ 5 0 33 4.63
QQQ 6 0 31 4.63
QQQ 7 0 31 4.63
QQQ 0 1 29 4.63
QQQ 1 1 27 4.63
QQQ 2 1 28 4.63
QQQ 3 1 24 4.63
QQQ 4 1 27 4.63
QQQ 5 1 26 4.63
QQQ 6 1 29 4.63
QQQ 7 1 28 4.63
QQQ 0 0 33 4.73
QQQ 1 0 36 4.73
QQQ 2 0 39 4.73
QQQ 3 0 42 4.73
QQQ 4 0 31 4.73
QQQ 5 0 33 4.73
QQQ 6 0 31 4.73
QQQ 7 0 31 4.73
QQQ 0 1 28 4.73
QQQ 1 1 27 4.73
QQQ 2 1 28 4.73
QQQ 3 1 24 4.73
QQQ 4 1 27 4.73
QQQ 5 1 26 4.73
QQQ 6 1 29 4.73
QQQ 7 1 28 4.73
QQQ 0 0 33 4.83
QQQ 1 0 34 4.83
QQQ 2 0 40 4.83
QQQ 3 0 42 4.83
QQQ 4 0 32 4.83
QQQ 5 0 34 4.83
QQQ 6 0 31 4.83
QQQ 7 0 31 4.83
QQQ 0 1 29 4.83
QQQ 1 1 28 4.83
QQQ 2 1 28 4.84
QQQ 3 1 24 4.84
QQQ 4 1 28 4.84
QQQ 5 1 27 4.84
QQQ 6 1 29 4.84
QQQ 7 1 29 4.84
QQQ 0 0 34 4.94
QQQ 1 0 35 4.94
QQQ 2 0 40 4.94
QQQ 3 0 42 4.94
QQQ 4 0 31 4.94
QQQ 5 0 34 4.94
QQQ 6 0 31 4.94
QQQ 7 0 31 4.94
QQQ 0 1 29 4.94
QQQ 1 1 27 4.94
QQQ 2 1 28 4.94
QQQ 3 1 24 4.94
QQQ 4 1 27 4.94
QQQ 5 1 26 4.94
QQQ 6 1 29 4.94
QQQ 7 1 28 4.94
QQQ 0 0 34 5.04
QQQ 1 0 35 5.04
QQQ 2 0 39 5.04
QQQ 3 0 42 5.04
QQQ 4 0 31 5.04
QQQ 5 0 33 5.04
QQQ 6 0 31 5.04
QQQ 7 0 31 5.04
QQQ 0 1 28 5.04
QQQ 1 1 27 5.04
QQQ 2 1 28 5.04
QQQ 3 1 24 5.04
QQQ 4 1 27 5.04
QQQ 5 1 26 5.04
QQQ 6 1 29 5.04
QQQ 7 1 28 5.04
QQQ 0 0 34 5.14
QQQ 1 0 35 5.14
QQQ 2 0 39 5.14
QQQ 3 0 42 5.14
QQQ 4 0 31 5.14
QQQ 5 0 34 5.14
QQQ 6 0 31 5.14
QQQ 7 0 31 5.14
QQQ 0 1 29 5.14
QQQ 1 1 28 5.14
QQQ 2 1 28 5.14
QQQ 3 1 24 5.14
QQQ 4 1 27 5.14
QQQ 5 1 26 5.14
QQQ 6 1 29 5.14
QQQ 7 1 29 5.14
QQQ 0 0 34 5.24
QQQ 1 0 36 5.24
QQQ 2 0 40 5.24
QQQ 3 0 42 5.24
QQQ 4 0 32 5.24
QQQ 5 0 33 5.24
QQQ 6 0 31 5.24
QQQ 7 0 31 5.24
QQQ 0 1 28 5.24
QQQ 1 1 27 5.24
QQQ 2 1 28 5.24
QQQ 3 1 24 5.24
QQQ 4 1 27 5.24
QQQ 5 1 26 5.24
QQQ 6 1 29 5.24
QQQ 7 1 29 5.24
QQQ 0 0 34 5.34
QQQ 1 0 35 5.34
QQQ 2 0 40 5.34
QQQ 3 0 42 5.34
QQQ 4 0 31 5.34
QQQ 5 0 33 5.34
QQQ 6 0 30 5.34
QQQ 7 0 31 5.34
QQQ 0 1 29 5.34
QQQ 1 1 28 5.34
QQQ 2 1 27 5.34
QQQ 3 1 24 5.34
QQQ 4 1 27 5.34
QQQ 5 1 25 5.34
QQQ 6 1 29 5.34
QQQ 7 1 29 5.34
QQQ 0 0 34 5.44
QQQ 1 0 36 5.44
QQQ 2 0 39 5.44
QQQ 3 0 42 5.44
QQQ 4 0 31 5.44
QQQ 5 0 33 5.44
QQQ 6 0 31 5.44
QQQ 7 0 31 5.44
QQQ 0 1 28 5.44
QQQ 1 1 27 5.44
QQQ 2 1 28 5.44
QQQ 3 1 24 5.44
QQQ 4 1 27 5.44
QQQ 5 1 27 5.44
QQQ 6 1 29 5.44
QQQ 7 1 30 5.44
QQQ 0 0 33 5.54
QQQ 1 0 35 5.54
QQQ 2 0 39 5.54
QQQ 3 0 42 5.54
QQQ 4 0 31 5.54
QQQ 5 0 33 5.54
QQQ 6 0 31 5.54
QQQ 7 0 31 5.54
QQQ 0 1 29 5.54
QQQ 1 1 28 5.54
QQQ 2 1 29 5.54
QQQ 3 1 24 5.54
QQQ 4 1 27 5.54
QQQ 5 1 26 5.54
QQQ 6 1 30 5.54
QQQ 7 1 29 5.54
QQQ 0 0 34 5.64
QQQ 1 0 35 5.64
QQQ 2 0 40 5.64
QQQ 3 0 42 5.64
QQQ 4 0 31 5.64
QQQ 5 0 34 5.64
QQQ 6 0 30 5.64
QQQ 7 0 32 5.64
QQQ 0 1 29 5.64
QQQ 1 1 27 5.64
QQQ 2 1 28 5.64
QQQ 3 1 24 5.64
QQQ 4 1 27 5.64
QQQ 5 1 26 5.64
QQQ 6 1 30 5.64
QQQ 7 1 29 5.64
QQQ 0 0 33 5.74
QQQ 1 0 35 5.74
QQQ 2 0 40 5.74
QQQ 3 0 42 5.74
QQQ 4 0 31 5.74
QQQ 5 0 34 5.74
QQQ 6 0 31 5.74
QQQ 7 0 32 5.74
QQQ 0 1 28 5.74
QQQ 1 1 28 5.74
QQQ 2 1 28 5.74
QQQ 3 1 24 5.74
QQQ 4 1 27 5.74
QQQ 5 1 25 5.74
QQQ 6 1 29 5.74
QQQ 7 1 29 5.74
QQQ 0 0 34 5.84
QQQ 1 0 35 5.84
QQQ 2 0 39 5.84
QQQ 3 0 42 5.84
QQQ 4 0 32 5.84
QQQ 5 0 34 5.84
QQQ 6 0 31 5.84
QQQ 7 0 33 5.84
QQQ 0 1 29 5.84
QQQ 1 1 27 5.84
QQQ 2 1 28 5.84
QQQ 3 1 24 5.84
QQQ 4 1 27 5.84
QQQ 5 1 25 5.84
QQQ 6 1 30 5.84
QQQ 7 1 29 5.84
QQQ 0 0 34 5.94
QQQ 1 0 36 5.94
QQQ 2 0 40 5.94
QQQ 3 0 43 5.94
QQQ 4 0 32 5.94
QQQ 5 0 34 5.94
QQQ 6 0 30 5.94
QQQ 7 0 31 5.94
QQQ 0 1 28 5.94
QQQ 1 1 27 5.94
QQQ 2 1 29 5.94
QQQ 3 1 24 5.94
QQQ 4 1 27 5.94
QQQ 5 1 27 5.94
QQQ 6 1 30 5.94
QQQ 7 1 29 5.94
QQQ 0 0 34 6.04
QQQ 1 0 35 6.04
QQQ 2 0 40 6.04
QQQ 3 0 43 6.04
QQQ 4 0 32 6.04
QQQ 5 0 34 6.04
QQQ 6 0 31 6.04
QQQ 7 0 32 6.04
QQQ 0 1 29 6.04
QQQ 1 1 27 6.04
QQQ 2 1 28 6.04
QQQ 3 1 24 6.04
QQQ 4 1 27 6.04
QQQ 5 1 25 6.04
QQQ 6 1 29 6.04
QQQ 7 1 29 6.04
QQQ 0 0 34 6.14
QQQ 1 0 36 6.14
QQQ 2 0 40 6.14
QQQ 3 0 43 6.14
QQQ 4 0 31 6.14
QQQ 5 0 34 6.14
QQQ 6 0 31 6.14
QQQ 7 0 32 6.14
QQQ 0 1 28 6.14
QQQ 1 1 26 6.14
QQQ 2 1 28 6.14
QQQ 3 1 24 6.14
QQQ 4 1 27 6.14
QQQ 5 1 26 6.14
QQQ 6 1 29 6.14
QQQ 7 1 28 6.14
QQQ 0 0 34 6.24
QQQ 1 0 35 6.24
QQQ 2 0 41 6.24
QQQ 3 0 42 6.24
QQQ 4 0 31 6.24
QQQ 5 0 34 6.24
QQQ 6 0 32 6.24
QQQ 7 0 31 6.24
QQQ 0 1 28 6.24
QQQ 1 1 27 6.24
QQQ 2 1 28 6.24
QQQ 3 1 24 6.24
QQQ 4 1 27 6.24
QQQ 5 1 26 6.24
QQQ 6 1 29 6.24
QQQ 7 1 29 6.24
QQQ 0 0 34 6.34
QQQ 1 0 35 6.34
QQQ 2 0 41 6.35
QQQ 3 0 43 6.35
QQQ 4 0 31 6.35
QQQ 5 0 34 6.35
QQQ 6 0 31 6.35
QQQ 7 0 32 6.35
QQQ 0 1 28 6.35
QQQ 1 1 27 6.35
QQQ 2 1 28 6.35
QQQ 3 1 24 6.35
QQQ 4 1 27 6.35
QQQ 5 1 26 6.35
QQQ 6 1 30 6.35
QQQ 7 1 28 6.35
QQQ 0 0 34 6.45
QQQ 1 0 35 6.45
QQQ 2 0 40 6.45
QQQ 3 0 41 6.45
QQQ 4 0 31 6.45
QQQ 5 0 34 6.45
QQQ 6 0 30 6.45
QQQ 7 0 31 6.45
QQQ 0 1 28 6.45
QQQ 1 1 27 6.45
QQQ 2 1 28 6.45
QQQ 3 1 24 6.45
QQQ 4 1 27 6.45
QQQ 5 1 26 6.45
QQQ 6 1 30 6.45
QQQ 7 1 29 6.45
QQQ 0 0 35 6.55
QQQ 1 0 36 6.55
QQQ 2 0 40 6.55
QQQ 3 0 42 6.55
QQQ 4 0 32 6.55
QQQ 5 0 33 6.55
QQQ 6 0 30 6.55
QQQ 7 0 32 6.55
QQQ 0 1 29 6.55
QQQ 1 1 27 6.55
QQQ 2 1 28 6.55
QQQ 3 1 24 6.55
QQQ 4 1 27 6.55
QQQ 5 1 26 6.55
QQQ 6 1 30 6.55
QQQ 7 1 29 6.55
QQQ 0 0 34 6.65
QQQ 1 0 36 6.65
QQQ 2 0 40 6.65
QQQ 3 0 42 6.65
QQQ 4 0 31 6.65
QQQ 5 0 33 6.65
QQQ 6 0 31 6.65
QQQ 7 0 31 6.65
QQQ 0 1 28 6.65
QQQ 1 1 27 6.65
QQQ 2 1 27 6.65
QQQ 3 1 24 6.65
QQQ 4 1 27 6.65
QQQ 5 1 26 6.65
QQQ 6 1 29 6.65
QQQ 7 1 29 6.65
QQQ 0 0 35 6.75
QQQ 1 0 35 6.75
QQQ 2 0 40 6.75
QQQ 3 0 42 6.75
QQQ 4 0 33 6.75
QQQ 5 0 33 6.75
QQQ 6 0 31 6.75
QQQ 7 0 32 6.75
QQQ 0 1 29 6.75
QQQ 1 1 28 6.75
QQQ 2 1 28 6.75
QQQ 3 1 24 6.75
QQQ 4 1 27 6.75
QQQ 5 1 26 6.75
QQQ 6 1 29 6.75
QQQ 7 1 29 6.75
QQQ 0 0 34 6.85
QQQ 1 0 36 6.85
QQQ 2 0 40 6.85
QQQ 3 0 43 6.85
QQQ 4 0 32 6.85
QQQ 5 0 34 6.85
QQQ 6 0 31 6.85
QQQ 7 0 32 6.85
QQQ 0 1 29 6.85
QQQ 1 1 27 6.85
QQQ 2 1 28 6.85
QQQ 3 1 24 6.85
QQQ 4 1 27 6.85
QQQ 5 1 26 6.85
QQQ 6 1 29 6.85
QQQ 7 1 29 6.85
QQQ 0 0 34 6.95
QQQ 1 0 35 6.95
QQQ 2 0 40 6.95
QQQ 3 0 43 6.95
QQQ 4 0 32 6.95
QQQ 5 0 34 6.95
QQQ 6 0 31 6.95
QQQ 7 0 32 6.95
QQQ 0 1 29 6.95
QQQ 1 1 27 6.95
QQQ 2 1 29 6.95
QQQ 3 1 24 6.95
QQQ 4 1 27 6.95
QQQ 5 1 25 6.95
QQQ 6 1 29 6.95
QQQ 7 1 29 6.95
QQQ 0 0 34 7.05
QQQ 1 0 35 7.05
QQQ 2 0 41 7.05
QQQ 3 0 42 7.05
QQQ 4 0 31 7.05
QQQ 5 0 34 7.05
QQQ 6 0 31 7.05
QQQ 7 0 32 7.05
QQQ 0 1 29 7.05
QQQ 1 1 27 7.05
QQQ 2 1 28 7.05
QQQ 3 1 24 7.05
QQQ 4 1 27 7.05
QQQ 5 1 26 7.05
QQQ 6 1 30 7.05
QQQ 7 1 29 7.05
QQQ 0 0 34 7.15
QQQ 1 0 35 7.15
QQQ 2 0 40 7.15
QQQ 3 0 43 7.15
QQQ 4 0 31 7.15
QQQ 5 0 34 7.15
QQQ 6 0 32 7.15
QQQ 7 0 32 7.15
QQQ 0 1 28 7.15
QQQ 1 1 27 7.15
QQQ 2 1 28 7.15
QQQ 3 1 24 7.15
QQQ 4 1 27 7.15
QQQ 5 1 26 7.15
QQQ 6 1 29 7.15
QQQ 7 1 29 7.15
QQQ 0 0 34 7.25
QQQ 1 0 36 7.25
QQQ 2 0 40 7.25
QQQ 3 0 43 7.25
QQQ 4 0 32 7.25
QQQ 5 0 34 7.25
QQQ 6 0 31 7.25
QQQ 7 0 32 7.25
QQQ 0 1 29 7.25
QQQ 1 1 28 7.25
QQQ 2 1 28 7.25
QQQ 3 1 24 7.25
QQQ 4 1 27 7.25
QQQ 5 1 26 7.25
QQQ 6 1 29 7.25
QQQ 7 1 29 7.25
QQQ 0 0 33 7.35
QQQ 1 0 35 7.35
QQQ 2 0 40 7.35
QQQ 3 0 42 7.35
QQQ 4 0 32 7.35
QQQ 5 0 34 7.35
QQQ 6 0 31 7.35
QQQ 7 0 32 7.35
QQQ 0 1 29 7.35
QQQ 1 1 27 7.35
QQQ 2 1 28 7.35
QQQ 3 1 24 7.35
QQQ 4 1 27 7.35
QQQ 5 1 25 7.35
QQQ 6 1 29 7.35
QQQ 7 1 28 7.35
QQQ 0 0 34 7.45
QQQ 1 0 36 7.45
QQQ 2 0 41 7.45
QQQ 3 0 43 7.45
QQQ 4 0 32 7.45
QQQ 5 0 35 7.45
QQQ 6 0 31 7.45
QQQ 7 0 32 7.45
QQQ 0 1 28 7.45
QQQ 1 1 27 7.45
QQQ 2 1 28 7.45
QQQ 3 1 24 7.45
QQQ 4 1 27 7.45
QQQ 5 1 26 7.45
QQQ 6 1 29 7.45
QQQ 7 1 29 7.45
QQQ 0 0 35 7.55
QQQ 1 0 36 7.55
QQQ 2 0 40 7.55
QQQ 3 0 42 7.55
QQQ 4 0 32 7.55
QQQ 5 0 34 7.55
QQQ 6 0 32 7.55
QQQ 7 0 32 7.55
QQQ 0 1 29 7.55
QQQ 1 1 27 7.55
QQQ 2 1 28 7.55
QQQ 3 1 24 7.55
QQQ 4 1 27 7.55
QQQ 5 1 25 7.55
QQQ 6 1 29 7.55
QQQ 7 1 29 7.55
QQQ 0 0 34 7.65
QQQ 1 0 36 7.65
QQQ 2 0 41 7.65
QQQ 3 0 42 7.65
QQQ 4 0 32 7.65
QQQ 5 0 34 7.65
QQQ 6 0 32 7.65
QQQ 7 0 32 7.65
QQQ 0 1 29 7.65
QQQ 1 1 27 7.65
QQQ 2 1 28 7.65
QQQ 3 1 24 7.65
QQQ 4 1 27 7.65
QQQ 5 1 25 7.65
QQQ 6 1 29 7.65
QQQ 7 1 29 7.65
QQQ 0 0 34 7.75
QQQ 1 0 36 7.75
QQQ 2 0 41 7.75
QQQ 3 0 42 7.75
QQQ 4 0 32 7.75
QQQ 5 0 34 7.75
QQQ 6 0 31 7.75
QQQ 7 0 33 7.75
QQQ 0 1 29 7.75
QQQ 1 1 28 7.75
QQQ 2 1 28 7.75
QQQ 3 1 24 7.76
QQQ 4 1 27 7.76
QQQ 5 1 25 7.76
QQQ 6 1 29 7.76
QQQ 7 1 29 7.76
QQQ 0 0 35 7.86
QQQ 1 0 36 7.86
QQQ 2 0 40 7.86
QQQ 3 0 43 7.86
QQQ 4 0 32 7.86
QQQ 5 0 35 7.86
QQQ 6 0 31 7.86
QQQ 7 0 32 7.86
QQQ 0 1 29 7.86
QQQ 1 1 28 7.86
QQQ 2 1 27 7.86
QQQ 3 1 24 7.86
QQQ 4 1 27 7.86
QQQ 5 1 26 7.86
QQQ 6 1 29 7.86
QQQ 7 1 29 7.86
QQQ 0 0 34 7.96
QQQ 1 0 36 7.96
QQQ 2 0 40 7.96
QQQ 3 0 43 7.96
QQQ 4 0 32 7.96
QQQ 5 0 34 7.96
QQQ 6 0 32 7.96
QQQ 7 0 32 7.96
QQQ 0 1 29 7.96
QQQ 1 1 27 7.96
QQQ 2 1 27 7.96
QQQ 3 1 24 7.96
QQQ 4 1 27 7.96
QQQ 5 1 27 7.96
QQQ 6 1 29 7.96
QQQ 7 1 28 7.96
QQQ 0 0 34 8.06
QQQ 1 0 36 8.06
QQQ 2 0 40 8.06
QQQ 3 0 42 8.06
QQQ 4 0 32 8.06
QQQ 5 0 34 8.06
QQQ 6 0 32 8.06
QQQ 7 0 32 8.06
QQQ 0 1 28 8.06
QQQ 1 1 27 8.06
QQQ 2 1 28 8.06
QQQ 3 1 24 8.06
QQQ 4 1 26 8.06
QQQ 5 1 26 8.06
QQQ 6 1 29 8.06
QQQ 7 1 29 8.06
QQQ 0 0 35 8.16
QQQ 1 0 37 8.16
QQQ 2 0 40 8.16
QQQ 3 0 42 8.16
QQQ 4 0 32 8.16
QQQ 5 0 35 8.16
QQQ 6 0 32 8.16
QQQ 7 0 33 8.16
QQQ 0 1 28 8.16
QQQ 1 1 27 8.16
QQQ 2 1 28 8.16
QQQ 3 1 25 8.16
QQQ 4 1 27 8.16
QQQ 5 1 27 8.16
QQQ 6 1 30 8.16
QQQ 7 1 29 8.16
QQQ 0 0 34 8.26
QQQ 1 0 36 8.26
QQQ 2 0 41 8.26
QQQ 3 0 43 8.26
QQQ 4 0 32 8.26
QQQ 5 0 35 8.26
QQQ 6 0 31 8.26
QQQ 7 0 33 8.26
QQQ 0 1 28 8.26
QQQ 1 1 27 8.26
QQQ 2 1 28 8.26
QQQ 3 1 24 8.26
QQQ 4 1 27 8.26
QQQ 5 1 26 8.26
QQQ 6 1 29 8.26
QQQ 7 1 29 8.26
QQQ 0 0 35 8.36
QQQ 1 0 36 8.36
QQQ 2 0 41 8.36
QQQ 3 0 42 8.36
QQQ 4 0 32 8.36
QQQ 5 0 35 8.36
QQQ 6 0 32 8.36
QQQ 7 0 33 8.36
QQQ 0 1 28 8.36
QQQ 1 1 27 8.36
QQQ 2 1 28 8.36
QQQ 3 1 25 8.36
QQQ 4 1 27 8.36
QQQ 5 1 25 8.36
QQQ 6 1 29 8.36
QQQ 7 1 29 8.36
QQQ 0 0 34 8.46
QQQ 1 0 36 8.46
QQQ 2 0 41 8.46
QQQ 3 0 43 8.46
QQQ 4 0 31 8.46
QQQ 5 0 34 8.46
QQQ 6 0 32 8.46
QQQ 7 0 33 8.46
QQQ 0 1 29 8.46
QQQ 1 1 28 8.46
QQQ 2 1 28 8.46
QQQ 3 1 25 8.46
QQQ 4 1 27 8.46
QQQ 5 1 25 8.46
QQQ 6 1 30 8.46
QQQ 7 1 29 8.46
QQQ 0 0 35 8.56
QQQ 1 0 36 8.56
QQQ 2 0 40 8.56
QQQ 3 0 43 8.56
QQQ 4 0 32 8.56
QQQ 5 0 34 8.56
QQQ 6 0 32 8.56
QQQ 7 0 33 8.56
QQQ 0 1 29 8.56
QQQ 1 1 28 8.56
QQQ 2 1 27 8.56
QQQ 3 1 25 8.56
QQQ 4 1 27 8.56
QQQ 5 1 26 8.56
QQQ 6 1 29 8.56
QQQ 7 1 29 8.56
QQQ 0 0 35 8.66
QQQ 1 0 36 8.66
QQQ 2 0 40 8.66
QQQ 3 0 43 8.66
QQQ 4 0 32 8.66
QQQ 5 0 34 8.66
QQQ 6 0 32 8.66
QQQ 7 0 33 8.66
QQQ 0 1 28 8.66
QQQ 1 1 27 8.66
QQQ 2 1 28 8.66
QQQ 3 1 25 8.66
QQQ 4 1 27 8.66
QQQ 5 1 26 8.66
QQQ 6 1 30 8.66
QQQ 7 1 29 8.66
QQQ 0 0 35 8.76
QQQ 1 0 36 8.76
QQQ 2 0 41 8.76
QQQ 3 0 43 8.76
QQQ 4 0 32 8.76
QQQ 5 0 34 8.76
QQQ 6 0 32 8.76
QQQ 7 0 33 8.76
QQQ 0 1 28 8.76
QQQ 1 1 28 8.76
QQQ 2 1 27 8.76
QQQ 3 1 24 8.76
QQQ 4 1 27 8.76
QQQ 5 1 26 8.76
QQQ 6 1 29 8.76
QQQ 7 1 29 8.76
QQQ 0 0 35 8.86
QQQ 1 0 36 8.86
QQQ 2 0 41 8.86
QQQ 3 0 43 8.86
QQQ 4 0 32 8.86
QQQ 5 0 34 8.86
QQQ 6 0 32 8.86
QQQ 7 0 33 8.86
QQQ 0 1 28 8.86
QQQ 1 1 28 8.86
QQQ 2 1 28 8.86
QQQ 3 1 24 8.86
QQQ 4 1 27 8.86
QQQ 5 1 26 8.86
QQQ 6 1 29 8.86
QQQ 7 1 29 8.86
QQQ 0 0 35 8.96
QQQ 1 0 36 8.96
QQQ 2 0 41 8.96
QQQ 3 0 43 8.96
QQQ 4 0 32 8.96
QQQ 5 0 34 8.96
QQQ 6 0 32 8.96
QQQ 7 0 33 8.96
QQQ 0 1 28 8.96
QQQ 1 1 27 8.96
QQQ 2 1 27 8.96
QQQ 3 1 25 8.96
QQQ 4 1 27 8.96
QQQ 5 1 25 8.96
QQQ 6 1 30 8.96
QQQ 7 1 29 8.96
QQQ 0 0 35 9.06
QQQ 1 0 36 9.06
QQQ 2 0 41 9.06
QQQ 3 0 43 9.06
QQQ 4 0 32 9.06
QQQ 5 0 34 9.06
QQQ 6 0 32 9.06
QQQ 7 0 33 9.06
QQQ 0 1 28 9.06
QQQ 1 1 27 9.06
QQQ 2 1 28 9.06
QQQ 3 1 24 9.06
QQQ 4 1 27 9.06
QQQ 5 1 25 9.06
QQQ 6 1 29 9.06
QQQ 7 1 29 9.06
QQQ 0 0 35 9.16
QQQ 1 0 36 9.16
QQQ 2 0 41 9.16
QQQ 3 0 43 9.16
QQQ 4 0 32 9.16
QQQ 5 0 34 9.17
QQQ 6 0 32 9.17
QQQ 7 0 33 9.17
QQQ 0 1 29 9.17
QQQ 1 1 28 9.17
QQQ 2 1 28 9.17
QQQ 3 1 24 9.17
QQQ 4 1 27 9.17
QQQ 5 1 25 9.17
QQQ 6 1 29 9.17
QQQ 7 1 29 9.17
QQQ 0 0 36 9.27
QQQ 1 0 37 9.27
QQQ 2 0 40 9.27
QQQ 3 0 43 9.27
QQQ 4 0 32 9.27
QQQ 5 0 36 9.27
QQQ 6 0 32 9.27
QQQ 7 0 33 9.27
QQQ 0 1 28 9.27
QQQ 1 1 27 9.27
QQQ 2 1 28 9.27
QQQ 3 1 24 9.27
QQQ 4 1 27 9.27
QQQ 5 1 25 9.27
QQQ 6 1 30 9.27
QQQ 7 1 29 9.27
QQQ 0 0 35 9.37
QQQ 1 0 37 9.37
QQQ 2 0 40 9.37
QQQ 3 0 43 9.37
QQQ 4 0 32 9.37
QQQ 5 0 34 9.37
QQQ 6 0 32 9.37
QQQ 7 0 33 9.37
QQQ 0 1 29 9.37
QQQ 1 1 28 9.37
QQQ 2 1 28 9.37
QQQ 3 1 24 9.37
QQQ 4 1 27 9.37
QQQ 5 1 25 9.37
QQQ 6 1 30 9.37
QQQ 7 1 29 9.37
QQQ 0 0 35 9.47
QQQ 1 0 36 9.47
QQQ 2 0 40 9.47
QQQ 3 0 43 9.47
QQQ 4 0 32 9.47
QQQ 5 0 34 9.47
QQQ 6 0 32 9.47
QQQ 7 0 33 9.47
QQQ 0 1 29 9.47
QQQ 1 1 27 9.47
QQQ 2 1 28 9.47
QQQ 3 1 25 9.47
QQQ 4 1 27 9.47
QQQ 5 1 25 9.47
QQQ 6 1 30 9.47
QQQ 7 1 29 9.47
QQQ 0 0 35 9.57
QQQ 1 0 37 9.57
QQQ 2 0 39 9.57
QQQ 3 0 43 9.57
QQQ 4 0 32 9.57
QQQ 5 0 34 9.57
QQQ 6 0 32 9.57
QQQ 7 0 34 9.57
QQQ 0 1 29 9.57
QQQ 1 1 27 9.57
QQQ 2 1 28 9.57
QQQ 3 1 24 9.57
QQQ 4 1 27 9.57
QQQ 5 1 26 9.57
QQQ 6 1 30 9.57
QQQ 7 1 29 9.57
QQQ 0 0 36 9.67
QQQ 1 0 37 9.67
QQQ 2 0 41 9.67
QQQ 3 0 43 9.67
QQQ 4 0 32 9.67
QQQ 5 0 35 9.67
QQQ 6 0 32 9.67
QQQ 7 0 33 9.67
QQQ 0 1 29 9.67
QQQ 1 1 28 9.67
QQQ 2 1 28 9.67
QQQ 3 1 24 9.67
QQQ 4 1 27 9.67
QQQ 5 1 26 9.67
QQQ 6 1 30 9.67
QQQ 7 1 29 9.67
QQQ 0 0 35 9.77
QQQ 1 0 37 9.77
QQQ 2 0 40 9.77
QQQ 3 0 43 9.77
QQQ 4 0 32 9.77
QQQ 5 0 35 9.77
QQQ 6 0 32 9.77
QQQ 7 0 33 9.77
QQQ 0 1 29 9.77
QQQ 1 1 27 9.77
QQQ 2 1 28 9.77
QQQ 3 1 24 9.77
QQQ 4 1 26 9.77
QQQ 5 1 27 9.77
QQQ 6 1 30 9.77
QQQ 7 1 29 9.77
QQQ 0 0 35 9.87
QQQ 1 0 36 9.87
QQQ 2 0 40 9.87
QQQ 3 0 43 9.87
QQQ 4 0 32 9.87
QQQ 5 0 34 9.87
QQQ 6 0 32 9.87
QQQ 7 0 33 9.87
QQQ 0 1 29 9.87
QQQ 1 1 27 9.87
QQQ 2 1 28 9.87
QQQ 3 1 24 9.87
QQQ 4 1 27 9.87
QQQ 5 1 26 9.87
QQQ 6 1 30 9.87
QQQ 7 1 29 9.87
QQQ 0 0 35 9.97
QQQ 1 0 36 9.97
QQQ 2 0 39 9.97
QQQ 3 0 43 9.97
QQQ 4 0 32 9.97
QQQ 5 0 35 9.97
QQQ 6 0 31 9.97
QQQ 7 0 33 9.97
QQQ 0 1 29 9.97
QQQ 1 1 27 9.97
QQQ 2 1 28 9.97
QQQ 3 1 24 9.97
QQQ 4 1 27 9.97
QQQ 5 1 26 9.97
QQQ 6 1 30 9.97
QQQ 7 1 29 9.97
QQQ 0 0 35 10.07
QQQ 1 0 36 10.07
QQQ 2 0 40 10.07
QQQ 3 0 43 10.07
QQQ 4 0 32 10.07
QQQ 5 0 34 10.07
QQQ 6 0 32 10.07
QQQ 7 0 34 10.07
QQQ 0 1 29 10.07
QQQ 1 1 27 10.07
QQQ 2 1 28 10.07
QQQ 3 1 24 10.07
QQQ 4 1 27 10.07
QQQ 5 1 26 10.07
QQQ 6 1 29 10.07
QQQ 7 1 29 10.07
QQQ 0 0 36 10.17
QQQ 1 0 37 10.17
QQQ 2 0 40 10.17
QQQ 3 0 43 10.17
QQQ 4 0 32 10.17
QQQ 5 0 34 10.17
QQQ 6 0 32 10.17
QQQ 7 0 33 10.17
QQQ 0 1 29 10.17
QQQ 1 1 27 10.17
QQQ 2 1 27 10.17
QQQ 3 1 24 10.17
QQQ 4 1 27 10.17
QQQ 5 1 25 10.17
QQQ 6 1 29 10.17
QQQ 7 1 29 10.17
QQQ 0 0 35 10.27
QQQ 1 0 36 10.27
QQQ 2 0 40 10.27
QQQ 3 0 43 10.27
QQQ 4 0 32 10.27
QQQ 5 0 35 10.27
QQQ 6 0 32 10.27
QQQ 7 0 32 10.27
QQQ 0 1 29 10.27
QQQ 1 1 28 10.27
QQQ 2 1 28 10.27
QQQ 3 1 24 10.27
QQQ 4 1 27 10.27
QQQ 5 1 26 10.27
QQQ 6 1 29 10.27
QQQ 7 1 29 10.27
QQQ 0 0 35 10.37
QQQ 1 0 37 10.37
QQQ 2 0 40 10.37
QQQ 3 0 43 10.37
QQQ 4 0 32 10.37
QQQ 5 0 34 10.37
QQQ 6 0 32 10.37
QQQ 7 0 33 10.37
QQQ 0 1 29 10.37
QQQ 1 1 27 10.37
QQQ 2 1 28 10.37
QQQ 3 1 24 10.37
QQQ 4 1 27 10.37
QQQ 5 1 25 10.37
QQQ 6 1 29 10.37
QQQ 7 1 29 10.37
QQQ 0 0 35 10.47
QQQ 1 0 36 10.47
QQQ 2 0 40 10.47
QQQ 3 0 43 10.47
QQQ 4 0 32 10.47
QQQ 5 0 34 10.47
QQQ 6 0 32 10.47
QQQ 7 0 33 10.47
QQQ 0 1 29 10.47
QQQ 1 1 28 10.47
QQQ 2 1 28 10.47
QQQ 3 1 24 10.47
QQQ 4 1 27 10.47
QQQ 5 1 27 10.47
QQQ 6 1 30 10.47
QQQ 7 1 29 10.47
QQQ 0 0 36 10.57
QQQ 1 0 37 10.57
QQQ 2 0 40 10.57
QQQ 3 0 43 10.57
QQQ 4 0 32 10.57
QQQ 5 0 34 10.57
QQQ 6 0 32 10.57
QQQ 7 0 33 10.57
QQQ 0 1 29 10.58
QQQ 1 1 28 10.58
QQQ 2 1 28 10.58
QQQ 3 1 24 10.58
QQQ 4 1 27 10.58
QQQ 5 1 26 10.58
QQQ 6 1 30 10.58
QQQ 7 1 29 10.58
QQQ 0 0 35 10.68
QQQ 1 0 36 10.68
QQQ 2 0 39 10.68
QQQ 3 0 43 10.68
QQQ 4 0 33 10.68
QQQ 5 0 35 10.68
QQQ 6 0 32 10.68
QQQ 7 0 34 10.68
QQQ 0 1 29 10.68
QQQ 1 1 28 10.68
QQQ 2 1 28 10.68
QQQ 3 1 24 10.68
QQQ 4 1 27 10.68
QQQ 5 1 26 10.68
QQQ 6 1 29 10.68
QQQ 7 1 29 10.68
QQQ 0 0 36 10.78
QQQ 1 0 36 10.78
QQQ 2 0 40 10.78
QQQ 3 0 43 10.78
QQQ 4 0 33 10.78
QQQ 5 0 34 10.78
QQQ 6 0 32 10.78
QQQ 7 0 33 10.78
QQQ 0 1 29 10.78
QQQ 1 1 28 10.78
QQQ 2 1 28 10.78
QQQ 3 1 24 10.78
QQQ 4 1 27 10.78
QQQ 5 1 27 10.78
QQQ 6 1 29 10.78
QQQ 7 1 28 10.78
QQQ 0 0 35 10.88
QQQ 1 0 36 10.88
QQQ 2 0 40 10.88
QQQ 3 0 44 10.88
QQQ 4 0 32 10.88
QQQ 5 0 35 10.88
QQQ 6 0 33 10.88
QQQ 7 0 33 10.88
QQQ 0 1 29 10.88
QQQ 1 1 28 10.88
QQQ 2 1 27 10.88
QQQ 3 1 24 10.88
QQQ 4 1 27 10.88
QQQ 5 1 26 10.88
QQQ 6 1 30 10.88
QQQ 7 1 29 10.88
QQQ 0 0 35 10.98
QQQ 1 0 36 10.98
QQQ 2 0 40 10.98
QQQ 3 0 43 10.98
QQQ 4 0 32 10.98
QQQ 5 0 35 10.98
QQQ 6 0 32 10.98
QQQ 7 0 34 10.98
QQQ 0 1 29 10.98
QQQ 1 1 28 10.98
QQQ 2 1 28 10.98
QQQ 3 1 24 10.98
QQQ 4 1 27 10.98
QQQ 5 1 25 10.98
QQQ 6 1 29 10.98
QQQ 7 1 29 10.98
QQQ 0 0 35 11.08
QQQ 1 0 36 11.08
QQQ 2 0 41 11.08
QQQ 3 0 43 11.08
QQQ 4 0 33 11.08
QQQ 5 0 35 11.08
QQQ 6 0 33 11.08
QQQ 7 0 34 11.08
QQQ 0 1 29 11.08
QQQ 1 1 28 11.08
QQQ 2 1 28 11.08
QQQ 3 1 24 11.08
QQQ 4 1 27 11.08
QQQ 5 1 26 11.08
QQQ 6 1 29 11.08
QQQ 7 1 29 11.08
QQQ 0 0 36 11.18
QQQ 1 0 36 11.18
QQQ 2 0 41 11.18
QQQ 3 0 43 11.18
QQQ 4 0 33 11.18
QQQ 5 0 35 11.18
QQQ 6 0 32 11.18
QQQ 7 0 34 11.18
QQQ 0 1 29 11.18
QQQ 1 1 28 11.18
QQQ 2 1 28 11.18
QQQ 3 1 24 11.18
QQQ 4 1 28 11.18
QQQ 5 1 25 11.18
QQQ 6 1 30 11.18
QQQ 7 1 29 11.18
QQQ 0 0 36 11.28
QQQ 1 0 36 11.28
QQQ 2 0 41 11.28
QQQ 3 0 43 11.28
QQQ 4 0 33 11.28
QQQ 5 0 34 11.28
QQQ 6 0 33 11.28
QQQ 7 0 34 11.28
QQQ 0 1 28 11.28
QQQ 1 1 28 11.28
QQQ 2 1 27 11.28
QQQ 3 1 24 11.28
QQQ 4 1 27 11.28
QQQ 5 1 26 11.28
QQQ 6 1 30 11.28
QQQ 7 1 29 11.28
QQQ 0 0 37 11.38
QQQ 1 0 36 11.38
QQQ 2 0 41 11.38
QQQ 3 0 43 11.38
QQQ 4 0 33 11.38
QQQ 5 0 34 11.38
QQQ 6 0 33 11.38
QQQ 7 0 34 11.38
QQQ 0 1 29 11.38
QQQ 1 1 27 11.38
QQQ 2 1 28 11.38
QQQ 3 1 24 11.38
QQQ 4 1 27 11.38
QQQ 5 1 26 11.38
QQQ 6 1 30 11.38
QQQ 7 1 29 11.38
QQQ 0 0 36 11.48
QQQ 1 0 37 11.48
QQQ 2 0 42 11.48
QQQ 3 0 43 11.48
QQQ 4 0 32 11.48
QQQ 5 0 34 11.48
QQQ 6 0 32 11.48
QQQ 7 0 34 11.48
QQQ 0 1 28 11.48
QQQ 1 1 28 11.48
QQQ 2 1 28 11.48
QQQ 3 1 24 11.48
QQQ 4 1 27 11.48
QQQ 5 1 26 11.48
QQQ 6 1 30 11.48
QQQ 7 1 28 11.48
QQQ 0 0 36 11.58
QQQ 1 0 37 11.58
QQQ 2 0 41 11.58
QQQ 3 0 44 11.58
QQQ 4 0 33 11.58
QQQ 5 0 35 11.58
QQQ 6 0 32 11.58
QQQ 7 0 34 11.58
QQQ 0 1 28 11.58
QQQ 1 1 27 11.58
QQQ 2 1 27 11.58
QQQ 3 1 24 11.58
QQQ 4 1 27 11.58
QQQ 5 1 26 11.58
QQQ 6 1 31 11.58
QQQ 7 1 29 11.58
QQQ 0 0 36 11.68
QQQ 1 0 36 11.68
QQQ 2 0 40 11.68
QQQ 3 0 43 11.68
QQQ 4 0 33 11.68
QQQ 5 0 34 11.68
QQQ 6 0 33 11.68
QQQ 7 0 33 11.68
QQQ 0 1 29 11.68
QQQ 1 1 27 11.68
QQQ 2 1 28 11.68
QQQ 3 1 24 11.68
QQQ 4 1 27 11.68
QQQ 5 1 26 11.68
QQQ 6 1 30 11.68
QQQ 7 1 29 11.68
QQQ 0 0 35 11.78
QQQ 1 0 36 11.78
QQQ 2 0 41 11.78
QQQ 3 0 43 11.78
QQQ 4 0 33 11.78
QQQ 5 0 34 11.78
QQQ 6 0 32 11.78
QQQ 7 0 34 11.78
QQQ 0 1 29 11.78
QQQ 1 1 27 11.78
QQQ 2 1 28 11.78
QQQ 3 1 24 11.78
QQQ 4 1 27 11.78
QQQ 5 1 27 11.78
QQQ 6 1 30 11.78
QQQ 7 1 29 11.78
QQQ 0 0 36 11.88
QQQ 1 0 36 11.88
QQQ 2 0 41 11.88
QQQ 3 0 43 11.88
QQQ 4 0 32 11.88
QQQ 5 0 35 11.88
QQQ 6 0 32 11.88
QQQ 7 0 34 11.88
QQQ 0 1 29 11.88
QQQ 1 1 27 11.88
QQQ 2 1 28 11.88
QQQ 3 1 25 11.88
QQQ 4 1 27 11.88
QQQ 5 1 26 11.88
QQQ 6 1 29 11.88
QQQ 7 1 29 11.88
QQQ 0 0 36 11.98
QQQ 1 0 36 11.98
QQQ 2 0 40 11.98
QQQ 3 0 43 11.98
QQQ 4 0 32 11.98
QQQ 5 0 35 11.98
QQQ 6 0 32 11.98
QQQ 7 0 34 11.98
QQQ 0 1 28 11.98
QQQ 1 1 28 11.98
QQQ 2 1 28 11.98
QQQ 3 1 24 11.98
QQQ 4 1 27 11.98
QQQ 5 1 26 11.98
QQQ 6 1 30 11.99
QQQ 7 1 29 11.99
QQQ 0 0 35 12.09
QQQ 1 0 36 12.09
QQQ 2 0 41 12.09
QQQ 3 0 43 12.09
QQQ 4 0 32 12.09
QQQ 5 0 34 12.09
QQQ 6 0 32 12.09
QQQ 7 0 33 12.09
QQQ 0 1 28 12.09
QQQ 1 1 28 12.09
QQQ 2 1 28 12.09
QQQ 3 1 25 12.09
QQQ 4 1 27 12.09
QQQ 5 1 26 12.09
QQQ 6 1 29 12.09
QQQ 7 1 29 12.09
QQQ 0 0 36 12.19
QQQ 1 0 36 12.19
QQQ 2 0 40 12.19
QQQ 3 0 44 12.19
QQQ 4 0 32 12.19
QQQ 5 0 34 12.19
QQQ 6 0 32 12.19
QQQ 7 0 33 12.19
QQQ 0 1 29 12.19
QQQ 1 1 27 12.19
QQQ 2 1 27 12.19
QQQ 3 1 24 12.19
QQQ 4 1 28 12.19
QQQ 5 1 27 12.19
QQQ 6 1 30 12.19
QQQ 7 1 29 12.19
QQQ 0 0 36 12.29
QQQ 1 0 37 12.29
QQQ 2 0 41 12.29
QQQ 3 0 44 12.29
QQQ 4 0 32 12.29
QQQ 5 0 34 12.29
QQQ 6 0 33 12.29
QQQ 7 0 33 12.29
QQQ 0 1 28 12.29
QQQ 1 1 28 12.29
QQQ 2 1 28 12.29
QQQ 3 1 24 12.29
QQQ 4 1 27 12.29
QQQ 5 1 26 12.29
QQQ 6 1 28 12.29
QQQ 7 1 30 12.29
QQQ 0 0 36 12.39
QQQ 1 0 36 12.39
QQQ 2 0 41 12.39
QQQ 3 0 44 12.39
QQQ 4 0 33 12.39
QQQ 5 0 35 12.39
QQQ 6 0 32 12.39
QQQ 7 0 34 12.39
QQQ 0 1 28 12.39
QQQ 1 1 27 12.39
QQQ 2 1 28 12.39
QQQ 3 1 24 12.39
QQQ 4 1 27 12.39
QQQ 5 1 26 12.39
QQQ 6 1 29 12.39
QQQ 7 1 29 12.39
QQQ 0 0 36 12.49
QQQ 1 0 37 12.49
QQQ 2 0 41 12.49
QQQ 3 0 43 12.49
QQQ 4 0 33 12.49
QQQ 5 0 35 12.49
QQQ 6 0 33 12.49
QQQ 7 0 34 12.49
QQQ 0 1 28 12.49
QQQ 1 1 28 12.49
QQQ 2 1 28 12.49
QQQ 3 1 24 12.49
QQQ 4 1 27 12.49
QQQ 5 1 26 12.49
QQQ 6 1 29 12.49
QQQ 7 1 30 12.49
QQQ 0 0 36 12.59
QQQ 1 0 36 12.59
QQQ 2 0 41 12.59
QQQ 3 0 43 12.59
QQQ 4 0 33 12.59
QQQ 5 0 35 12.59
QQQ 6 0 32 12.59
QQQ 7 0 34 12.59
QQQ 0 1 29 12.59
QQQ 1 1 27 12.59
QQQ 2 1 28 12.59
QQQ 3 1 24 12.59
QQQ 4 1 28 12.59
QQQ 5 1 26 12.59
QQQ 6 1 29 12.59
QQQ 7 1 28 12.59
QQQ 0 0 36 12.69
QQQ 1 0 37 12.69
QQQ 2 0 41 12.69
QQQ 3 0 42 12.69
QQQ 4 0 32 12.69
QQQ 5 0 34 12.69
QQQ 6 0 33 12.69
QQQ 7 0 34 12.69
QQQ 0 1 28 12.69
QQQ 1 1 28 12.69
QQQ 2 1 28 12.69
QQQ 3 1 24 12.69
QQQ 4 1 27 12.69
QQQ 5 1 26 12.69
QQQ 6 1 29 12.69
QQQ 7 1 30 12.69
QQQ 0 0 37 12.79
QQQ 1 0 36 12.79
QQQ 2 0 42 12.79
QQQ 3 0 43 12.79
QQQ 4 0 33 12.79
QQQ 5 0 35 12.79
QQQ 6 0 32 12.79
QQQ 7 0 34 12.79
QQQ 0 1 29 12.79
QQQ 1 1 27 12.79
QQQ 2 1 27 12.79
QQQ 3 1 24 12.79
QQQ 4 1 27 12.79
QQQ 5 1 25 12.79
QQQ 6 1 29 12.79
QQQ 7 1 29 12.79
QQQ 0 0 36 12.89
QQQ 1 0 36 12.89
QQQ 2 0 41 12.89
QQQ 3 0 44 12.89
QQQ 4 0 32 12.89
QQQ 5 0 34 12.89
QQQ 6 0 33 12.89
QQQ 7 0 34 12.89
QQQ 0 1 28 12.89
QQQ 1 1 28 12.89
QQQ 2 1 27 12.89
QQQ 3 1 24 12.89
QQQ 4 1 28 12.89
QQQ 5 1 26 12.89
QQQ 6 1 30 12.89
QQQ 7 1 29 12.89
QQQ 0 0 37 12.99
QQQ 1 0 36 12.99
QQQ 2 0 41 12.99
QQQ 3 0 44 12.99
QQQ 4 0 33 12.99
QQQ 5 0 35 12.99
QQQ 6 0 33 12.99
QQQ 7 0 33 12.99
QQQ 0 1 29 12.99
QQQ 1 1 28 12.99
QQQ 2 1 28 12.99
QQQ 3 1 25 12.99
QQQ 4 1 27 12.99
QQQ 5 1 26 12.99
QQQ 6 1 30 12.99
QQQ 7 1 29 12.99
QQQ 0 0 36 13.09
QQQ 1 0 36 13.09
QQQ 2 0 41 13.09
QQQ 3 0 44 13.09
QQQ 4 0 33 13.09
QQQ 5 0 35 13.09
QQQ 6 0 33 13.09
QQQ 7 0 33 13.09
QQQ 0 1 28 13.09
QQQ 1 1 27 13.09
QQQ 2 1 28 13.09
QQQ 3 1 25 13.09
QQQ 4 1 27 13.09
QQQ 5 1 25 13.09
QQQ 6 1 30 13.09
QQQ 7 1 29 13.09
QQQ 0 0 36 13.19
QQQ 1 0 36 13.19
QQQ 2 0 41 13.19
QQQ 3 0 44 13.19
QQQ 4 0 33 13.19
QQQ 5 0 36 13.19
QQQ 6 0 34 13.19
QQQ 7 0 32 13.19
QQQ 0 1 29 13.19
QQQ 1 1 28 13.19
QQQ 2 1 28 13.19
QQQ 3 1 24 13.19
QQQ 4 1 27 13.19
QQQ 5 1 26 13.19
QQQ 6 1 29 13.19
QQQ 7 1 28 13.19
QQQ 0 0 36 13.29
QQQ 1 0 36 13.29
QQQ 2 0 41 13.29
QQQ 3 0 44 13.29
QQQ 4 0 32 13.29
QQQ 5 0 34 13.29
QQQ 6 0 33 13.29
QQQ 7 0 33 13.29
QQQ 0 1 29 13.29
QQQ 1 1 28 13.29
QQQ 2 1 28 13.29
QQQ 3 1 24 13.29
QQQ 4 1 28 13.29
QQQ 5 1 26 13.29
QQQ 6 1 30 13.29
QQQ 7 1 29 13.29
QQQ 0 0 37 13.39
QQQ 1 0 36 13.39
QQQ 2 0 41 13.39
QQQ 3 0 43 13.40
QQQ 4 0 33 13.40
QQQ 5 0 35 13.40
QQQ 6 0 33 13.40
QQQ 7 0 33 13.40
QQQ 0 1 28 13.40
QQQ 1 1 27 13.40
QQQ 2 1 28 13.40
QQQ 3 1 24 13.40
QQQ 4 1 28 13.40
QQQ 5 1 26 13.40
QQQ 6 1 29 13.40
QQQ 7 1 30 13.40
QQQ 0 0 36 13.50
QQQ 1 0 36 13.50
QQQ 2 0 40 13.50
QQQ 3 0 45 13.50
QQQ 4 0 33 13.50
QQQ 5 0 35 13.50
QQQ 6 0 33 13.50
QQQ 7 0 33 13.50
QQQ 0 1 29 13.50
QQQ 1 1 27 13.50
QQQ 2 1 28 13.50
QQQ 3 1 24 13.50
QQQ 4 1 27 13.50
QQQ 5 1 26 13.50
QQQ 6 1 30 13.50
QQQ 7 1 29 13.50
QQQ 0 0 36 13.60
QQQ 1 0 37 13.60
QQQ 2 0 41 13.60
QQQ 3 0 44 13.60
QQQ 4 0 32 13.60
QQQ 5 0 35 13.60
QQQ 6 0 33 13.60
QQQ 7 0 33 13.60
QQQ 0 1 28 13.60
QQQ 1 1 28 13.60
QQQ 2 1 27 13.60
QQQ 3 1 24 13.60
QQQ 4 1 28 13.60
QQQ 5 1 26 13.60
QQQ 6 1 30 13.60
QQQ 7 1 29 13.60
QQQ 0 0 36 13.70
QQQ 1 0 37 13.70
QQQ 2 0 41 13.70
QQQ 3 0 44 13.70
QQQ 4 0 33 13.70
QQQ 5 0 34 13.70
QQQ 6 0 33 13.70
QQQ 7 0 34 13.70
QQQ 0 1 28 13.70
QQQ 1 1 27 13.70
QQQ 2 1 28 13.70
QQQ 3 1 25 13.70
QQQ 4 1 27 13.70
QQQ 5 1 26 13.70
QQQ 6 1 30 13.70
QQQ 7 1 29 13.70
QQQ 0 0 36 13.80
QQQ 1 0 37 13.80
QQQ 2 0 41 13.80
QQQ 3 0 44 13.80
QQQ 4 0 32 13.80
QQQ 5 0 35 13.80
QQQ 6 0 33 13.80
QQQ 7 0 33 13.80
QQQ 0 1 29 13.80
QQQ 1 1 27 13.80
QQQ 2 1 28 13.80
QQQ 3 1 24 13.80
QQQ 4 1 28 13.80
QQQ 5 1 25 13.80
QQQ 6 1 30 13.80
QQQ 7 1 29 13.80
QQQ 0 0 37 13.90
QQQ 1 0 36 13.90
QQQ 2 0 42 13.90
QQQ 3 0 43 13.90
QQQ 4 0 33 13.90
QQQ 5 0 35 13.90
QQQ 6 0 33 13.90
QQQ 7 0 34 13.90
QQQ 0 1 28 13.90
QQQ 1 1 27 13.90
QQQ 2 1 28 13.90
QQQ 3 1 24 13.90
QQQ 4 1 28 13.90
QQQ 5 1 26 13.90
QQQ 6 1 30 13.90
QQQ 7 1 29 13.90
QQQ 0 0 37 14.00
QQQ 1 0 36 14.00
QQQ 2 0 41 14.00
QQQ 3 0 43 14.00
QQQ 4 0 33 14.00
QQQ 5 0 35 14.00
QQQ 6 0 33 14.00
QQQ 7 0 33 14.00
QQQ 0 1 28 14.00
QQQ 1 1 27 14.00
QQQ 2 1 28 14.00
QQQ 3 1 25 14.00
QQQ 4 1 27 14.00
QQQ 5 1 25 14.00
QQQ 6 1 30 14.00
QQQ 7 1 29 14.00
QQQ 0 0 37 14.10
QQQ 1 0 36 14.10
QQQ 2 0 41 14.10
QQQ 3 0 43 14.10
QQQ 4 0 33 14.10
QQQ 5 0 35 14.10
QQQ 6 0 33 14.10
QQQ 7 0 34 14.10
QQQ 0 1 28 14.10
QQQ 1 1 27 14.10
QQQ 2 1 28 14.10
QQQ 3 1 24 14.10
QQQ 4 1 28 14.10
QQQ 5 1 26 14.10
QQQ 6 1 29 14.10
QQQ 7 1 29 14.10
QQQ 0 0 36 14.20
QQQ 1 0 36 14.20
QQQ 2 0 42 14.20
QQQ 3 0 44 14.20
QQQ 4 0 33 14.20
QQQ 5 0 34 14.20
QQQ 6 0 33 14.20
QQQ 7 0 33 14.20
QQQ 0 1 28 14.20
QQQ 1 1 27 14.20
QQQ 2 1 28 14.20
QQQ 3 1 24 14.20
QQQ 4 1 28 14.20
QQQ 5 1 26 14.20
QQQ 6 1 30 14.20
QQQ 7 1 28 14.20
QQQ 0 0 36 14.30
QQQ 1 0 36 14.30
QQQ 2 0 42 14.30
QQQ 3 0 44 14.30
QQQ 4 0 33 14.30
QQQ 5 0 35 14.30
QQQ 6 0 32 14.30
QQQ 7 0 33 14.30
QQQ 0 1 29 14.30
QQQ 1 1 27 14.30
QQQ 2 1 28 14.30
QQQ 3 1 25 14.30
QQQ 4 1 27 14.30
QQQ 5 1 26 14.30
QQQ 6 1 30 14.30
QQQ 7 1 29 14.30
QQQ 0 0 36 14.40
QQQ 1 0 37 14.40
QQQ 2 0 41 14.40
QQQ 3 0 43 14.40
QQQ 4 0 34 14.40
QQQ 5 0 35 14.40
QQQ 6 0 33 14.40
QQQ 7 0 34 14.40
QQQ 0 1 29 14.40
QQQ 1 1 27 14.40
QQQ 2 1 28 14.40
QQQ 3 1 25 14.40
QQQ 4 1 27 14.40
QQQ 5 1 26 14.40
QQQ 6 1 29 14.40
QQQ 7 1 29 14.40
QQQ 0 0 36 14.50
QQQ 1 0 37 14.50
QQQ 2 0 41 14.50
QQQ 3 0 43 14.50
QQQ 4 0 33 14.50
QQQ 5 0 35 14.50
QQQ 6 0 33 14.50
QQQ 7 0 34 14.50
QQQ 0 1 28 14.50
QQQ 1 1 27 14.50
QQQ 2 1 28 14.50
QQQ 3 1 24 14.50
QQQ 4 1 27 14.50
QQQ 5 1 27 14.50
QQQ 6 1 30 14.50
QQQ 7 1 28 14.50
QQQ 0 0 37 14.60
QQQ 1 0 37 14.60
QQQ 2 0 41 14.60
QQQ 3 0 44 14.60
QQQ 4 0 33 14.60
QQQ 5 0 35 14.60
QQQ 6 0 33 14.60
QQQ 7 0 34 14.60
QQQ 0 1 29 14.60
QQQ 1 1 27 14.60
QQQ 2 1 28 14.60
QQQ 3 1 24 14.60
QQQ 4 1 27 14.60
QQQ 5 1 27 14.60
QQQ 6 1 29 14.60
QQQ 7 1 29 14.60
QQQ 0 0 36 14.70
QQQ 1 0 37 14.70
QQQ 2 0 42 14.70
QQQ 3 0 44 14.70
QQQ 4 0 33 14.70
QQQ 5 0 35 14.70
QQQ 6 0 33 14.70
QQQ 7 0 34 14.70
QQQ 0 1 29 14.70
QQQ 1 1 27 14.70
QQQ 2 1 28 14.70
QQQ 3 1 24 14.70
QQQ 4 1 27 14.71
QQQ 5 1 26 14.71
QQQ 6 1 29 14.71
QQQ 7 1 29 14.71
QQQ 0 0 36 14.81
QQQ 1 0 36 14.81
QQQ 2 0 41 14.81
QQQ 3 0 44 14.81
QQQ 4 0 33 14.81
QQQ 5 0 35 14.81
QQQ 6 0 33 14.81
QQQ 7 0 33 14.81
QQQ 0 1 28 14.81
QQQ 1 1 27 14.81
QQQ 2 1 28 14.81
QQQ 3 1 24 14.81
QQQ 4 1 27 14.81
QQQ 5 1 26 14.81
QQQ 6 1 30 14.81
QQQ 7 1 29 14.81
QQQ 0 0 36 14.91
QQQ 1 0 36 14.91
QQQ 2 0 41 14.91
QQQ 3 0 44 14.91
QQQ 4 0 33 14.91
QQQ 5 0 34 14.91
QQQ 6 0 32 14.91
QQQ 7 0 34 14.91
QQQ 0 1 28 14.91
QQQ 1 1 27 14.91
QQQ 2 1 28 14.91
QQQ 3 1 24 14.91
QQQ 4 1 27 14.91
QQQ 5 1 26 14.91
QQQ 6 1 29 14.91
QQQ 7 1 29 14.91
QQQ 0 0 35 15.01
QQQ 1 0 36 15.01
QQQ 2 0 42 15.01
QQQ 3 0 44 15.01
QQQ 4 0 33 15.01
QQQ 5 0 34 15.01
QQQ 6 0 33 15.01
QQQ 7 0 35 15.01
QQQ 0 1 29 15.01
QQQ 1 1 28 15.01
QQQ 2 1 27 15.01
QQQ 3 1 24 15.01
QQQ 4 1 28 15.01
QQQ 5 1 27 15.01
QQQ 6 1 30 15.01
QQQ 7 1 29 15.01
QQQ 0 0 36 15.11
QQQ 1 0 37 15.11
QQQ 2 0 41 15.11
QQQ 3 0 44 15.11
QQQ 4 0 33 15.11
QQQ 5 0 35 15.11
QQQ 6 0 33 15.11
QQQ 7 0 35 15.11
QQQ 0 1 28 15.11
QQQ 1 1 27 15.11
QQQ 2 1 28 15.11
QQQ 3 1 24 15.11
QQQ 4 1 27 15.11
QQQ 5 1 26 15.11
QQQ 6 1 30 15.11
QQQ 7 1 28 15.11
QQQ 0 0 36 15.21
QQQ 1 0 36 15.21
QQQ 2 0 41 15.21
QQQ 3 0 43 15.21
QQQ 4 0 33 15.21
QQQ 5 0 34 15.21
QQQ 6 0 33 15.21
QQQ 7 0 34 15.21
QQQ 0 1 29 15.21
QQQ 1 1 28 15.21
QQQ 2 1 28 15.21
QQQ 3 1 24 15.21
QQQ 4 1 27 15.21
QQQ 5 1 27 15.21
QQQ 6 1 29 15.21
QQQ 7 1 29 15.21
QQQ 0 0 36 15.31
QQQ 1 0 37 15.31
QQQ 2 0 41 15.31
QQQ 3 0 44 15.31
QQQ 4 0 33 15.31
QQQ 5 0 35 15.31
QQQ 6 0 33 15.31
QQQ 7 0 35 15.31
QQQ 0 1 28 15.31
QQQ 1 1 27 15.31
QQQ 2 1 28 15.31
QQQ 3 1 25 15.31
QQQ 4 1 27 15.31
QQQ 5 1 26 15.31
QQQ 6 1 29 15.31
QQQ 7 1 29 15.31
QQQ 0 0 36 15.41
QQQ 1 0 36 15.41
QQQ 2 0 41 15.41
QQQ 3 0 45 15.41
QQQ 4 0 33 15.41
QQQ 5 0 35 15.41
QQQ 6 0 33 15.41
QQQ 7 0 34 15.41
QQQ 0 1 29 15.41
QQQ 1 1 27 15.41
QQQ 2 1 28 15.41
QQQ 3 1 25 15.41
QQQ 4 1 27 15.41
QQQ 5 1 26 15.41
QQQ 6 1 30 15.41
QQQ 7 1 29 15.41
QQQ 0 0 36 15.51
QQQ 1 0 36 15.51
QQQ 2 0 41 15.51
QQQ 3 0 44 15.51
QQQ 4 0 34 15.51
QQQ 5 0 35 15.51
QQQ 6 0 33 15.51
QQQ 7 0 34 15.51
QQQ 0 1 28 15.51
QQQ 1 1 27 15.51
QQQ 2 1 28 15.51
QQQ 3 1 24 15.51
QQQ 4 1 27 15.51
QQQ 5 1 26 15.51
QQQ 6 1 29 15.51
QQQ 7 1 29 15.51
QQQ 0 0 36 15.61
QQQ 1 0 37 15.61
QQQ 2 0 41 15.61
QQQ 3 0 44 15.61
QQQ 4 0 33 15.61
QQQ 5 0 34 15.61
QQQ 6 0 33 15.61
QQQ 7 0 34 15.61
QQQ 0 1 28 15.61
QQQ 1 1 27 15.61
QQQ 2 1 28 15.61
QQQ 3 1 25 15.61
QQQ 4 1 27 15.61
QQQ 5 1 26 15.61
QQQ 6 1 29 15.61
QQQ 7 1 30 15.61
QQQ 0 0 36 15.71
QQQ 1 0 38 15.71
QQQ 2 0 42 15.71
QQQ 3 0 43 15.71
QQQ 4 0 33 15.71
QQQ 5 0 34 15.71
QQQ 6 0 33 15.71
QQQ 7 0 34 15.71
QQQ 0 1 28 15.71
QQQ 1 1 27 15.71
QQQ 2 1 28 15.71
QQQ 3 1 24 15.71
QQQ 4 1 27 15.71
QQQ 5 1 25 15.71
QQQ 6 1 30 15.71
QQQ 7 1 29 15.71
QQQ 0 0 36 15.81
QQQ 1 0 37 15.81
QQQ 2 0 41 15.81
QQQ 3 0 44 15.81
QQQ 4 0 33 15.81
QQQ 5 0 34 15.81
QQQ 6 0 33 15.81
QQQ 7 0 34 15.81
QQQ 0 1 28 15.81
QQQ 1 1 27 15.81
QQQ 2 1 27 15.81
QQQ 3 1 24 15.81
QQQ 4 1 28 15.81
QQQ 5 1 26 15.81
QQQ 6 1 30 15.81
QQQ 7 1 29 15.81
QQQ 0 0 36 15.91
QQQ 1 0 37 15.91
QQQ 2 0 41 15.91
QQQ 3 0 44 15.91
QQQ 4 0 33 15.91
QQQ 5 0 34 15.91
QQQ 6 0 33 15.91
QQQ 7 0 35 15.91
QQQ 0 1 28 15.91
QQQ 1 1 27 15.91
QQQ 2 1 28 15.91
QQQ 3 1 24 15.91
QQQ 4 1 27 15.91
QQQ 5 1 27 15.91
QQQ 6 1 30 15.91
QQQ 7 1 30 15.91
QQQ 0 0 36 16.01
QQQ 1 0 37 16.01
QQQ 2 0 42 16.01
QQQ 3 0 44 16.01
QQQ 4 0 33 16.01
QQQ 5 0 35 16.01
QQQ 6 0 33 16.01
QQQ 7 0 35 16.01
QQQ 0 1 29 16.01
QQQ 1 1 28 16.01
QQQ 2 1 27 16.01
QQQ 3 1 24 16.01
QQQ 4 1 27 16.01
QQQ 5 1 25 16.01
QQQ 6 1 30 16.01
QQQ 7 1 29 16.01
QQQ 0 0 36 16.11
QQQ 1 0 37 16.11
QQQ 2 0 41 16.11
QQQ 3 0 43 16.11
QQQ 4 0 33 16.11
QQQ 5 0 35 16.11
QQQ 6 0 33 16.11
QQQ 7 0 34 16.11
QQQ 0 1 29 16.11
QQQ 1 1 27 16.12
QQQ 2 1 27 16.12
QQQ 3 1 24 16.12
QQQ 4 1 27 16.12
QQQ 5 1 26 16.12
QQQ 6 1 30 16.12
QQQ 7 1 30 16.12
QQQ 0 0 36 16.22
QQQ 1 0 37 16.22
QQQ 2 0 42 16.22
QQQ 3 0 44 16.22
QQQ 4 0 34 16.22
QQQ 5 0 34 16.22
QQQ 6 0 33 16.22
QQQ 7 0 34 16.22
QQQ 0 1 29 16.22
QQQ 1 1 27 16.22
QQQ 2 1 28 16.22
QQQ 3 1 25 16.22
QQQ 4 1 27 16.22
QQQ 5 1 26 16.22
QQQ 6 1 30 16.22
QQQ 7 1 29 16.22
QQQ 0 0 36 16.32
QQQ 1 0 37 16.32
QQQ 2 0 41 16.32
QQQ 3 0 44 16.32
QQQ 4 0 33 16.32
QQQ 5 0 35 16.32
QQQ 6 0 33 16.32
QQQ 7 0 34 16.32
QQQ 0 1 28 16.32
QQQ 1 1 27 16.32
QQQ 2 1 28 16.32
QQQ 3 1 24 16.32
QQQ 4 1 28 16.32
QQQ 5 1 27 16.32
QQQ 6 1 30 16.32
QQQ 7 1 29 16.32
QQQ 0 0 36 16.42
QQQ 1 0 36 16.42
QQQ 2 0 42 16.42
QQQ 3 0 43 16.42
QQQ 4 0 33 16.42
QQQ 5 0 34 16.42
QQQ 6 0 33 16.42
QQQ 7 0 34 16.42
QQQ 0 1 28 16.42
QQQ 1 1 27 16.42
QQQ 2 1 28 16.42
QQQ 3 1 25 16.42
QQQ 4 1 27 16.42
QQQ 5 1 26 16.42
QQQ 6 1 30 16.42
QQQ 7 1 29 16.42
QQQ 0 0 36 16.52
QQQ 1 0 37 16.52
QQQ 2 0 42 16.52
QQQ 3 0 44 16.52
QQQ 4 0 33 16.52
QQQ 5 0 35 16.52
QQQ 6 0 33 16.52
QQQ 7 0 34 16.52
QQQ 0 1 28 16.52
QQQ 1 1 28 16.52
QQQ 2 1 28 16.52
QQQ 3 1 25 16.52
QQQ 4 1 27 16.52
QQQ 5 1 27 16.52
QQQ 6 1 30 16.52
QQQ 7 1 29 16.52
QQQ 0 0 37 16.62
QQQ 1 0 37 16.62
QQQ 2 0 42 16.62
QQQ 3 0 44 16.62
QQQ 4 0 33 16.62
QQQ 5 0 35 16.62
QQQ 6 0 33 16.62
QQQ 7 0 34 16.62
QQQ 0 1 29 16.62
QQQ 1 1 27 16.62
QQQ 2 1 28 16.62
QQQ 3 1 24 16.62
QQQ 4 1 27 16.62
QQQ 5 1 26 16.62
QQQ 6 1 30 16.62
QQQ 7 1 30 16.62
QQQ 0 0 36 16.72
QQQ 1 0 37 16.72
QQQ 2 0 42 16.72
QQQ 3 0 44 16.72
QQQ 4 0 34 16.72
QQQ 5 0 35 16.72
QQQ 6 0 33 16.72
QQQ 7 0 34 16.72
QQQ 0 1 29 16.72
QQQ 1 1 28 16.72
QQQ 2 1 28 16.72
QQQ 3 1 24 16.72
QQQ 4 1 27 16.72
QQQ 5 1 27 16.72
QQQ 6 1 30 16.72
QQQ 7 1 29 16.72
QQQ 0 0 36 16.82
QQQ 1 0 38 16.82
QQQ 2 0 41 16.82
QQQ 3 0 44 16.82
QQQ 4 0 33 16.82
QQQ 5 0 35 16.82
QQQ 6 0 33 16.82
QQQ 7 0 34 16.82
QQQ 0 1 28 16.82
QQQ 1 1 27 16.82
QQQ 2 1 28 16.82
QQQ 3 1 25 16.82
QQQ 4 1 27 16.82
QQQ 5 1 26 16.82
QQQ 6 1 29 16.82
QQQ 7 1 29 16.82
QQQ 0 0 37 16.92
QQQ 1 0 37 16.92
QQQ 2 0 42 16.92
QQQ 3 0 44 16.92
QQQ 4 0 34 16.92
QQQ 5 0 35 16.92
QQQ 6 0 33 16.92
QQQ 7 0 34 16.92
QQQ 0 1 29 16.92
QQQ 1 1 28 16.92
QQQ 2 1 28 16.92
QQQ 3 1 25 16.92
QQQ 4 1 27 16.92
QQQ 5 1 26 16.92
QQQ 6 1 30 16.92
QQQ 7 1 30 16.92
QQQ 0 0 37 17.02
QQQ 1 0 37 17.02
QQQ 2 0 42 17.02
QQQ 3 0 44 17.02
QQQ 4 0 33 17.02
QQQ 5 0 36 17.02
QQQ 6 0 33 17.02
QQQ 7 0 35 17.02
QQQ 0 1 29 17.02
QQQ 1 1 27 17.02
QQQ 2 1 28 17.02
QQQ 3 1 25 17.02
QQQ 4 1 28 17.02
QQQ 5 1 27 17.02
QQQ 6 1 29 17.02
QQQ 7 1 29 17.02
QQQ 0 0 36 17.12
QQQ 1 0 38 17.12
QQQ 2 0 43 17.12
QQQ 3 0 44 17.12
QQQ 4 0 33 17.12
QQQ 5 0 35 17.12
QQQ 6 0 33 17.12
QQQ 7 0 34 17.12
QQQ 0 1 28 17.12
QQQ 1 1 28 17.12
QQQ 2 1 28 17.12
QQQ 3 1 25 17.12
QQQ 4 1 27 17.12
QQQ 5 1 25 17.12
QQQ 6 1 31 17.12
QQQ 7 1 29 17.12
QQQ 0 0 36 17.22
QQQ 1 0 37 17.22
QQQ 2 0 41 17.22
QQQ 3 0 43 17.22
QQQ 4 0 33 17.22
QQQ 5 0 36 17.22
QQQ 6 0 34 17.22
QQQ 7 0 34 17.22
QQQ 0 1 29 17.22
QQQ 1 1 27 17.22
QQQ 2 1 28 17.22
QQQ 3 1 24 17.22
QQQ 4 1 28 17.22
QQQ 5 1 26 17.22
QQQ 6 1 30 17.22
QQQ 7 1 30 17.22
QQQ 0 0 36 17.32
QQQ 1 0 37 17.32
QQQ 2 0 41 17.32
QQQ 3 0 44 17.32
QQQ 4 0 34 17.32
QQQ 5 0 35 17.32
QQQ 6 0 33 17.32
QQQ 7 0 34 17.32
QQQ 0 1 29 17.32
QQQ 1 1 27 17.32
QQQ 2 1 28 17.32
QQQ 3 1 25 17.32
QQQ 4 1 27 17.32
QQQ 5 1 26 17.32
QQQ 6 1 30 17.32
QQQ 7 1 30 17.32
QQQ 0 0 36 17.42
QQQ 1 0 37 17.42
QQQ 2 0 41 17.42
QQQ 3 0 44 17.42
QQQ 4 0 34 17.42
QQQ 5 0 35 17.42
QQQ 6 0 33 17.42
QQQ 7 0 34 17.42
QQQ 0 1 29 17.42
QQQ 1 1 28 17.42
QQQ 2 1 28 17.42
QQQ 3 1 25 17.42
QQQ 4 1 28 17.42
QQQ 5 1 26 17.42
QQQ 6 1 29 17.42
QQQ 7 1 30 17.42
QQQ 0 0 36 17.52
QQQ 1 0 37 17.52
QQQ 2 0 41 17.53
QQQ 3 0 44 17.53
QQQ 4 0 33 17.53
QQQ 5 0 35 17.53
QQQ 6 0 33 17.53
QQQ 7 0 35 17.53
QQQ 0 1 29 17.53
QQQ 1 1 27 17.53
QQQ 2 1 28 17.53
QQQ 3 1 24 17.53
QQQ 4 1 28 17.53
QQQ 5 1 26 17.53
QQQ 6 1 30 17.53
QQQ 7 1 29 17.53
QQQ 0 0 36 17.63
QQQ 1 0 37 17.63
QQQ 2 0 42 17.63
QQQ 3 0 45 17.63
QQQ 4 0 33 17.63
QQQ 5 0 35 17.63
QQQ 6 0 34 17.63
QQQ 7 0 35 17.63
QQQ 0 1 29 17.63
QQQ 1 1 28 17.63
QQQ 2 1 28 17.63
QQQ 3 1 24 17.63
QQQ 4 1 27 17.63
QQQ 5 1 27 17.63
QQQ 6 1 30 17.63
QQQ 7 1 30 17.63
QQQ 0 0 37 17.73
QQQ 1 0 38 17.73
QQQ 2 0 41 17.73
QQQ 3 0 44 17.73
QQQ 4 0 33 17.73
QQQ 5 0 34 17.73
QQQ 6 0 33 17.73
QQQ 7 0 35 17.73
QQQ 0 1 29 17.73
QQQ 1 1 27 17.73
QQQ 2 1 28 17.73
QQQ 3 1 24 17.73
QQQ 4 1 27 17.73
QQQ 5 1 26 17.73
QQQ 6 1 29 17.73
QQQ 7 1 29 17.73
QQQ 0 0 36 17.83
QQQ 1 0 37 17.83
QQQ 2 0 42 17.83
QQQ 3 0 44 17.83
QQQ 4 0 34 17.83
QQQ 5 0 35 17.83
QQQ 6 0 33 17.83
QQQ 7 0 34 17.83
QQQ 0 1 28 17.83
QQQ 1 1 27 17.83
QQQ 2 1 28 17.83
QQQ 3 1 25 17.83
QQQ 4 1 27 17.83
QQQ 5 1 26 17.83
QQQ 6 1 29 17.83
QQQ 7 1 29 17.83
QQQ 0 0 36 17.93
QQQ 1 0 37 17.93
QQQ 2 0 41 17.93
QQQ 3 0 44 17.93
QQQ 4 0 34 17.93
QQQ 5 0 35 17.93
QQQ 6 0 33 17.93
QQQ 7 0 34 17.93
QQQ 0 1 29 17.93
QQQ 1 1 28 17.93
QQQ 2 1 28 17.93
QQQ 3 1 24 17.93
QQQ 4 1 28 17.93
QQQ 5 1 27 17.93
QQQ 6 1 29 17.93
QQQ 7 1 29 17.93
QQQ 0 0 36 18.03
QQQ 1 0 37 18.03
QQQ 2 0 41 18.03
QQQ 3 0 44 18.03
QQQ 4 0 34 18.03
QQQ 5 0 35 18.03
QQQ 6 0 34 18.03
QQQ 7 0 34 18.03
QQQ 0 1 29 18.03
QQQ 1 1 28 18.03
QQQ 2 1 27 18.03
QQQ 3 1 25 18.03
QQQ 4 1 27 18.03
QQQ 5 1 27 18.03
QQQ 6 1 29 18.03
QQQ 7 1 29 18.03
QQQ 0 0 38 18.13
QQQ 1 0 37 18.13
QQQ 2 0 41 18.13
QQQ 3 0 44 18.13
QQQ 4 0 34 18.13
QQQ 5 0 36 18.13
QQQ 6 0 33 18.13
QQQ 7 0 35 18.13
QQQ 0 1 29 18.13
QQQ 1 1 28 18.13
QQQ 2 1 28 18.13
QQQ 3 1 24 18.13
QQQ 4 1 28 18.13
QQQ 5 1 27 18.13
QQQ 6 1 29 18.13
QQQ 7 1 29 18.13
QQQ 0 0 36 18.23
QQQ 1 0 38 18.23
QQQ 2 0 42 18.23
QQQ 3 0 44 18.23
QQQ 4 0 33 18.23
QQQ 5 0 35 18.23
QQQ 6 0 34 18.23
QQQ 7 0 34 18.23
QQQ 0 1 29 18.23
QQQ 1 1 27 18.23
QQQ 2 1 28 18.23
QQQ 3 1 25 18.23
QQQ 4 1 28 18.23
QQQ 5 1 27 18.23
QQQ 6 1 29 18.23
QQQ 7 1 29 18.23
QQQ 0 0 37 18.33
QQQ 1 0 38 18.33
QQQ 2 0 41 18.33
QQQ 3 0 44 18.33
QQQ 4 0 34 18.33
QQQ 5 0 35 18.33
QQQ 6 0 34 18.33
QQQ 7 0 34 18.33
QQQ 0 1 29 18.33
QQQ 1 1 28 18.33
QQQ 2 1 27 18.33
QQQ 3 1 24 18.33
QQQ 4 1 28 18.33
QQQ 5 1 26 18.33
QQQ 6 1 29 18.33
QQQ 7 1 29 18.33
QQQ 0 0 37 18.43
QQQ 1 0 37 18.43
QQQ 2 0 42 18.43
QQQ 3 0 44 18.43
QQQ 4 0 34 18.43
QQQ 5 0 35 18.43
QQQ 6 0 33 18.43
QQQ 7 0 34 18.43
QQQ 0 1 28 18.43
QQQ 1 1 27 18.43
QQQ 2 1 28 18.43
QQQ 3 1 24 18.43
QQQ 4 1 28 18.43
QQQ 5 1 26 18.43
QQQ 6 1 29 18.43
QQQ 7 1 30 18.43
QQQ 0 0 36 18.53
QQQ 1 0 37 18.53
QQQ 2 0 41 18.53
QQQ 3 0 44 18.53
QQQ 4 0 34 18.53
QQQ 5 0 35 18.53
QQQ 6 0 34 18.53
QQQ 7 0 35 18.53
QQQ 0 1 29 18.53
QQQ 1 1 28 18.53
QQQ 2 1 28 18.53
QQQ 3 1 24 18.53
QQQ 4 1 28 18.53
QQQ 5 1 27 18.53
QQQ 6 1 30 18.53
QQQ 7 1 30 18.53
QQQ 0 0 37 18.63
QQQ 1 0 37 18.63
QQQ 2 0 42 18.63
QQQ 3 0 45 18.63
QQQ 4 0 34 18.63
QQQ 5 0 35 18.63
QQQ 6 0 33 18.63
QQQ 7 0 34 18.63
QQQ 0 1 29 18.63
QQQ 1 1 27 18.63
QQQ 2 1 28 18.63
QQQ 3 1 24 18.63
QQQ 4 1 27 18.63
QQQ 5 1 26 18.63
QQQ 6 1 30 18.63
QQQ 7 1 30 18.63
QQQ 0 0 36 18.73
QQQ 1 0 37 18.73
QQQ 2 0 42 18.73
QQQ 3 0 44 18.73
QQQ 4 0 34 18.73
QQQ 5 0 36 18.73
QQQ 6 0 34 18.73
QQQ 7 0 34 18.73
QQQ 0 1 29 18.73
QQQ 1 1 28 18.73
QQQ 2 1 28 18.73
QQQ 3 1 24 18.73
QQQ 4 1 28 18.73
QQQ 5 1 26 18.73
QQQ 6 1 29 18.73
QQQ 7 1 29 18.73
QQQ 0 0 36 18.83
QQQ 1 0 38 18.83
QQQ 2 0 42 18.83
QQQ 3 0 44 18.83
QQQ 4 0 33 18.83
QQQ 5 0 34 18.83
QQQ 6 0 34 18.83
QQQ 7 0 35 18.83
QQQ 0 1 28 18.83
QQQ 1 1 28 18.83
QQQ 2 1 28 18.83
QQQ 3 1 24 18.84
QQQ 4 1 28 18.84
QQQ 5 1 27 18.84
QQQ 6 1 29 18.84
QQQ 7 1 29 18.84
QQQ 0 0 36 18.94
QQQ 1 0 37 18.94
QQQ 2 0 43 18.94
QQQ 3 0 44 18.94
QQQ 4 0 34 18.94
QQQ 5 0 35 18.94
QQQ 6 0 34 18.94
QQQ 7 0 35 18.94
QQQ 0 1 29 18.94
QQQ 1 1 28 18.94
QQQ 2 1 28 18.94
QQQ 3 1 24 18.94
QQQ 4 1 28 18.94
QQQ 5 1 26 18.94
QQQ 6 1 29 18.94
QQQ 7 1 29 18.94
QQQ 0 0 36 19.04
QQQ 1 0 38 19.04
QQQ 2 0 41 19.04
QQQ 3 0 45 19.04
QQQ 4 0 34 19.04
QQQ 5 0 35 19.04
QQQ 6 0 33 19.04
QQQ 7 0 35 19.04
QQQ 0 1 29 19.04
QQQ 1 1 28 19.04
QQQ 2 1 28 19.04
QQQ 3 1 24 19.04
QQQ 4 1 28 19.04
QQQ 5 1 26 19.04
QQQ 6 1 29 19.04
QQQ 7 1 29 19.04
QQQ 0 0 36 19.14
QQQ 1 0 37 19.14
QQQ 2 0 42 19.14
QQQ 3 0 44 19.14
QQQ 4 0 34 19.14
QQQ 5 0 35 19.14
QQQ 6 0 33 19.14
QQQ 7 0 34 19.14
QQQ 0 1 29 19.14
QQQ 1 1 28 19.14
QQQ 2 1 28 19.14
QQQ 3 1 24 19.14
QQQ 4 1 28 19.14
QQQ 5 1 26 19.14
QQQ 6 1 30 19.14
QQQ 7 1 29 19.14
QQQ 0 0 37 19.24
QQQ 1 0 37 19.24
QQQ 2 0 41 19.24
QQQ 3 0 45 19.24
QQQ 4 0 34 19.24
QQQ 5 0 35 19.24
QQQ 6 0 33 19.24
QQQ 7 0 34 19.24
QQQ 0 1 29 19.24
QQQ 1 1 28 19.24
QQQ 2 1 28 19.24
QQQ 3 1 25 19.24
QQQ 4 1 28 19.24
QQQ 5 1 27 19.24
QQQ 6 1 30 19.24
QQQ 7 1 30 19.24
QQQ 0 0 36 19.34
QQQ 1 0 37 19.34
QQQ 2 0 41 19.34
QQQ 3 0 44 19.34
QQQ 4 0 34 19.34
QQQ 5 0 35 19.34
QQQ 6 0 34 19.34
QQQ 7 0 34 19.34
QQQ 0 1 29 19.34
QQQ 1 1 27 19.34
QQQ 2 1 28 19.34
QQQ 3 1 25 19.34
QQQ 4 1 27 19.34
QQQ 5 1 27 19.34
QQQ 6 1 30 19.34
QQQ 7 1 29 19.34
QQQ 0 0 36 19.44
QQQ 1 0 38 19.44
QQQ 2 0 42 19.44
QQQ 3 0 44 19.44
QQQ 4 0 33 19.44
QQQ 5 0 36 19.44
QQQ 6 0 33 19.44
QQQ 7 0 34 19.44
QQQ 0 1 29 19.44
QQQ 1 1 27 19.44
QQQ 2 1 28 19.44
QQQ 3 1 24 19.44
QQQ 4 1 27 19.44
QQQ 5 1 26 19.44
QQQ 6 1 30 19.44
QQQ 7 1 29 19.44
QQQ 0 0 37 19.54
QQQ 1 0 37 19.54
QQQ 2 0 42 19.54
QQQ 3 0 44 19.54
QQQ 4 0 34 19.54
QQQ 5 0 36 19.54
QQQ 6 0 33 19.54
QQQ 7 0 34 19.54
QQQ 0 1 29 19.54
QQQ 1 1 27 19.54
QQQ 2 1 28 19.54
QQQ 3 1 25 19.54
QQQ 4 1 28 19.54
QQQ 5 1 26 19.54
QQQ 6 1 30 19.54
QQQ 7 1 29 19.54
QQQ 0 0 36 19.64
QQQ 1 0 37 19.64
QQQ 2 0 41 19.64
QQQ 3 0 44 19.64
QQQ 4 0 33 19.64
QQQ 5 0 36 19.64
QQQ 6 0 34 19.64
QQQ 7 0 34 19.64
QQQ 0 1 29 19.64
QQQ 1 1 28 19.64
QQQ 2 1 28 19.64
QQQ 3 1 25 19.64
QQQ 4 1 28 19.64
QQQ 5 1 26 19.64
QQQ 6 1 30 19.64
QQQ 7 1 30 19.64
QQQ 0 0 37 19.74
QQQ 1 0 38 19.74
QQQ 2 0 42 19.74
QQQ 3 0 44 19.74
QQQ 4 0 33 19.74
QQQ 5 0 35 19.74
QQQ 6 0 34 19.74
QQQ 7 0 35 19.74
QQQ 0 1 29 19.74
QQQ 1 1 28 19.74
QQQ 2 1 28 19.74
QQQ 3 1 25 19.74
QQQ 4 1 27 19.74
QQQ 5 1 26 19.74
QQQ 6 1 30 19.74
QQQ 7 1 29 19.74
QQQ 0 0 36 19.84
QQQ 1 0 37 19.84
QQQ 2 0 41 19.84
QQQ 3 0 44 19.84
QQQ 4 0 33 19.84
QQQ 5 0 36 19.84
QQQ 6 0 33 19.84
QQQ 7 0 34 19.84
QQQ 0 1 29 19.84
QQQ 1 1 27 19.84
QQQ 2 1 28 19.84
QQQ 3 1 25 19.84
QQQ 4 1 27 19.84
QQQ 5 1 26 19.84
QQQ 6 1 30 19.84
QQQ 7 1 29 19.84
QQQ 0 0 36 19.94
QQQ 1 0 38 19.94
QQQ 2 0 41 19.94
QQQ 3 0 44 19.94
QQQ 4 0 33 19.94
QQQ 5 0 36 19.94
QQQ 6 0 33 19.94
QQQ 7 0 34 19.94
QQQ 0 1 28 19.94
QQQ 1 1 27 19.94
QQQ 2 1 28 19.94
QQQ 3 1 24 19.94
QQQ 4 1 27 19.94
QQQ 5 1 26 19.94
QQQ 6 1 30 19.94
QQQ 7 1 29 19.94
QQQ 0 0 37 20.04
QQQ 1 0 38 20.04
QQQ 2 0 42 20.04
QQQ 3 0 44 20.04
QQQ 4 0 34 20.04
QQQ 5 0 36 20.04
QQQ 6 0 34 20.04
QQQ 7 0 35 20.04
QQQ 0 1 29 20.04
QQQ 1 1 27 20.04
QQQ 2 1 27 20.04
QQQ 3 1 24 20.04
QQQ 4 1 27 20.04
QQQ 5 1 27 20.04
QQQ 6 1 30 20.04
QQQ 7 1 29 20.04
QQQ 0 0 36 20.14
QQQ 1 0 37 20.14
QQQ 2 0 42 20.14
QQQ 3 0 45 20.14
QQQ 4 0 34 20.14
QQQ 5 0 35 20.14
QQQ 6 0 33 20.14
QQQ 7 0 34 20.14
QQQ 0 1 29 20.14
QQQ 1 1 27 20.14
QQQ 2 1 28 20.14
QQQ 3 1 25 20.14
QQQ 4 1 28 20.14
QQQ 5 1 26 20.14
QQQ 6 1 29 20.14
QQQ 7 1 29 20.14
QQQ 0 0 36 20.24
QQQ 1 0 37 20.24
QQQ 2 0 42 20.24
QQQ 3 0 44 20.24
QQQ 4 0 34 20.24
QQQ 5 0 35 20.24
QQQ 6 0 33 20.24
QQQ 7 0 35 20.24
QQQ 0 1 28 20.24
QQQ 1 1 27 20.24
QQQ 2 1 28 20.24
QQQ 3 1 24 20.25
QQQ 4 1 27 20.25
QQQ 5 1 26 20.25
QQQ 6 1 30 20.25
QQQ 7 1 30 20.25
QQQ 0 0 37 20.35
QQQ 1 0 37 20.35
QQQ 2 0 41 20.35
QQQ 3 0 44 20.35
QQQ 4 0 34 20.35
QQQ 5 0 36 20.35
QQQ 6 0 33 20.35
QQQ 7 0 34 20.35
QQQ 0 1 28 20.35
QQQ 1 1 28 20.35
QQQ 2 1 28 20.35
QQQ 3 1 24 20.35
QQQ 4 1 27 20.35
QQQ 5 1 27 20.35
QQQ 6 1 30 20.35
QQQ 7 1 30 20.35
QQQ 0 0 36 20.45
QQQ 1 0 37 20.45
QQQ 2 0 43 20.45
QQQ 3 0 44 20.45
QQQ 4 0 34 20.45
QQQ 5 0 36 20.45
QQQ 6 0 33 20.45
QQQ 7 0 35 20.45
QQQ 0 1 28 20.45
QQQ 1 1 27 20.45
QQQ 2 1 28 20.45
QQQ 3 1 25 20.45
QQQ 4 1 27 20.45
QQQ 5 1 27 20.45
QQQ 6 1 30 20.45
QQQ 7 1 29 20.45
QQQ 0 0 36 20.55
QQQ 1 0 37 20.55
QQQ 2 0 42 20.55
QQQ 3 0 45 20.55
QQQ 4 0 34 20.55
QQQ 5 0 35 20.55
QQQ 6 0 34 20.55
QQQ 7 0 34 20.55
QQQ 0 1 29 20.55
QQQ 1 1 27 20.55
QQQ 2 1 28 20.55
QQQ 3 1 24 20.55
QQQ 4 1 28 20.55
QQQ 5 1 27 20.55
QQQ 6 1 30 20.55
QQQ 7 1 29 20.55
QQQ 0 0 37 20.65
QQQ 1 0 37 20.65
QQQ 2 0 42 20.65
QQQ 3 0 45 20.65
QQQ 4 0 34 20.65
QQQ 5 0 36 20.65
QQQ 6 0 33 20.65
QQQ 7 0 34 20.65
QQQ 0 1 29 20.65
QQQ 1 1 28 20.65
QQQ 2 1 28 20.65
QQQ 3 1 25 20.65
QQQ 4 1 27 20.65
QQQ 5 1 27 20.65
QQQ 6 1 30 20.65
QQQ 7 1 29 20.65
QQQ 0 0 37 20.75
QQQ 1 0 37 20.75
QQQ 2 0 42 20.75
QQQ 3 0 45 20.75
QQQ 4 0 34 20.75
QQQ 5 0 36 20.75
QQQ 6 0 33 20.75
QQQ 7 0 35 20.75
QQQ 0 1 29 20.75
QQQ 1 1 27 20.75
QQQ 2 1 28 20.75
QQQ 3 1 25 20.75
QQQ 4 1 28 20.75
QQQ 5 1 25 20.75
QQQ 6 1 30 20.75
QQQ 7 1 29 20.75
QQQ 0 0 36 20.85
QQQ 1 0 37 20.85
QQQ 2 0 42 20.85
QQQ 3 0 44 20.85
QQQ 4 0 34 20.85
QQQ 5 0 36 20.85
QQQ 6 0 34 20.85
QQQ 7 0 34 20.85
QQQ 0 1 30 20.85
QQQ 1 1 27 20.85
QQQ 2 1 29 20.85
QQQ 3 1 24 20.85
QQQ 4 1 27 20.85
QQQ 5 1 26 20.85
QQQ 6 1 30 20.85
QQQ 7 1 29 20.85
QQQ 0 0 37 20.95
QQQ 1 0 37 20.95
QQQ 2 0 42 20.95
QQQ 3 0 46 20.95
QQQ 4 0 34 20.95
QQQ 5 0 36 20.95
QQQ 6 0 34 20.95
QQQ 7 0 34 20.95
QQQ 0 1 29 20.95
QQQ 1 1 28 20.95
QQQ 2 1 28 20.95
QQQ 3 1 25 20.95
QQQ 4 1 27 20.95
QQQ 5 1 27 20.95
QQQ 6 1 30 20.95
QQQ 7 1 29 20.95
QQQ 0 0 36 21.05
QQQ 1 0 37 21.05
QQQ 2 0 42 21.05
QQQ 3 0 44 21.05
QQQ 4 0 33 21.05
QQQ 5 0 35 21.05
QQQ 6 0 34 21.05
QQQ 7 0 34 21.05
QQQ 0 1 28 21.05
QQQ 1 1 28 21.05
QQQ 2 1 29 21.05
QQQ 3 1 25 21.05
QQQ 4 1 28 21.05
QQQ 5 1 27 21.05
QQQ 6 1 30 21.05
QQQ 7 1 29 21.05
QQQ 0 0 37 21.15
QQQ 1 0 38 21.15
QQQ 2 0 42 21.15
QQQ 3 0 44 21.15
QQQ 4 0 34 21.15
QQQ 5 0 36 21.15
QQQ 6 0 34 21.15
QQQ 7 0 35 21.15
QQQ 0 1 29 21.15
QQQ 1 1 27 21.15
QQQ 2 1 27 21.15
QQQ 3 1 25 21.15
QQQ 4 1 27 21.15
QQQ 5 1 26 21.15
QQQ 6 1 30 21.15
QQQ 7 1 29 21.15
QQQ 0 0 37 21.25
QQQ 1 0 37 21.25
QQQ 2 0 43 21.25
QQQ 3 0 45 21.25
QQQ 4 0 34 21.25
QQQ 5 0 36 21.25
QQQ 6 0 33 21.25
QQQ 7 0 34 21.25
QQQ 0 1 29 21.25
QQQ 1 1 28 21.25
QQQ 2 1 28 21.25
QQQ 3 1 24 21.25
QQQ 4 1 27 21.25
QQQ 5 1 27 21.25
QQQ 6 1 31 21.25
QQQ 7 1 28 21.25
QQQ 0 0 37 21.35
QQQ 1 0 37 21.35
QQQ 2 0 42 21.35
QQQ 3 0 45 21.35
QQQ 4 0 34 21.35
QQQ 5 0 37 21.35
QQQ 6 0 34 21.35
QQQ 7 0 35 21.35
QQQ 0 1 29 21.35
QQQ 1 1 28 21.35
QQQ 2 1 29 21.35
QQQ 3 1 25 21.35
QQQ 4 1 27 21.35
QQQ 5 1 27 21.35
QQQ 6 1 30 21.35
QQQ 7 1 29 21.35
QQQ 0 0 37 21.45
QQQ 1 0 37 21.45
QQQ 2 0 42 21.45
QQQ 3 0 44 21.45
QQQ 4 0 34 21.45
QQQ 5 0 36 21.45
QQQ 6 0 34 21.45
QQQ 7 0 34 21.45
QQQ 0 1 29 21.45
QQQ 1 1 28 21.45
QQQ 2 1 28 21.45
QQQ 3 1 25 21.45
QQQ 4 1 27 21.45
QQQ 5 1 26 21.45
QQQ 6 1 30 21.45
QQQ 7 1 29 21.45
QQQ 0 0 36 21.55
QQQ 1 0 37 21.55
QQQ 2 0 42 21.55
QQQ 3 0 45 21.55
QQQ 4 0 34 21.55
QQQ 5 0 36 21.55
QQQ 6 0 33 21.55
QQQ 7 0 34 21.55
QQQ 0 1 29 21.55
QQQ 1 1 27 21.55
QQQ 2 1 28 21.55
QQQ 3 1 24 21.55
QQQ 4 1 28 21.55
QQQ 5 1 26 21.55
QQQ 6 1 30 21.55
QQQ 7 1 29 21.55
QQQ 0 0 36 21.65
QQQ 1 0 38 21.65
QQQ 2 0 42 21.66
QQQ 3 0 44 21.66
QQQ 4 0 34 21.66
QQQ 5 0 37 21.66
QQQ 6 0 34 21.66
QQQ 7 0 34 21.66
QQQ 0 1 29 21.66
QQQ 1 1 27 21.66
QQQ 2 1 29 21.66
QQQ 3 1 25 21.66
QQQ 4 1 28 21.66
QQQ 5 1 27 21.66
QQQ 6 1 30 21.66
QQQ 7 1 29 21.66
QQQ 0 0 36 21.76
QQQ 1 0 37 21.76
QQQ 2 0 43 21.76
QQQ 3 0 44 21.76
QQQ 4 0 33 21.76
QQQ 5 0 37 21.76
QQQ 6 0 34 21.76
QQQ 7 0 34 21.76
QQQ 0 1 29 21.76
QQQ 1 1 28 21.76
QQQ 2 1 29 21.76
QQQ 3 1 25 21.76
QQQ 4 1 28 21.76
QQQ 5 1 27 21.76
QQQ 6 1 31 21.76
QQQ 7 1 29 21.76
QQQ 0 0 36 21.86
QQQ 1 0 37 21.86
QQQ 2 0 43 21.86
QQQ 3 0 44 21.86
QQQ 4 0 34 21.86
QQQ 5 0 36 21.86
QQQ 6 0 34 21.86
QQQ 7 0 35 21.86
QQQ 0 1 30 21.86
QQQ 1 1 27 21.86
QQQ 2 1 28 21.86
QQQ 3 1 25 21.86
QQQ 4 1 27 21.86
QQQ 5 1 27 21.86
QQQ 6 1 30 21.86
QQQ 7 1 29 21.86
QQQ 0 0 36 21.96
QQQ 1 0 38 21.96
QQQ 2 0 42 21.96
QQQ 3 0 44 21.96
QQQ 4 0 34 21.96
QQQ 5 0 37 21.96
QQQ 6 0 34 21.96
QQQ 7 0 34 21.96
QQQ 0 1 29 21.96
QQQ 1 1 28 21.96
QQQ 2 1 28 21.96
QQQ 3 1 25 21.96
QQQ 4 1 28 21.96
QQQ 5 1 27 21.96
QQQ 6 1 30 21.96
QQQ 7 1 29 21.96
QQQ 0 0 36 22.06
QQQ 1 0 38 22.06
QQQ 2 0 42 22.06
QQQ 3 0 44 22.06
QQQ 4 0 33 22.06
QQQ 5 0 36 22.06
QQQ 6 0 34 22.06
QQQ 7 0 34 22.06
QQQ 0 1 29 22.06
QQQ 1 1 27 22.06
QQQ 2 1 29 22.06
QQQ 3 1 25 22.06
QQQ 4 1 28 22.06
QQQ 5 1 26 22.06
QQQ 6 1 30 22.06
QQQ 7 1 29 22.06
QQQ 0 0 36 22.16
QQQ 1 0 38 22.16
QQQ 2 0 43 22.16
QQQ 3 0 44 22.16
QQQ 4 0 34 22.16
QQQ 5 0 35 22.16
QQQ 6 0 33 22.16
QQQ 7 0 35 22.16
QQQ 0 1 29 22.16
QQQ 1 1 28 22.16
QQQ 2 1 28 22.16
QQQ 3 1 25 22.16
QQQ 4 1 28 22.16
QQQ 5 1 26 22.16
QQQ 6 1 30 22.16
QQQ 7 1 30 22.16
QQQ 0 0 37 22.26
QQQ 1 0 37 22.26
QQQ 2 0 42 22.26
QQQ 3 0 45 22.26
QQQ 4 0 34 22.26
QQQ 5 0 36 22.26
QQQ 6 0 34 22.26
QQQ 7 0 35 22.26
QQQ 0 1 29 22.26
QQQ 1 1 27 22.26
QQQ 2 1 28 22.26
QQQ 3 1 24 22.26
QQQ 4 1 28 22.26
QQQ 5 1 26 22.26
QQQ 6 1 30 22.26
QQQ 7 1 29 22.26
QQQ 0 0 37 22.36
QQQ 1 0 37 22.36
QQQ 2 0 42 22.36
QQQ 3 0 45 22.36
QQQ 4 0 34 22.36
QQQ 5 0 36 22.36
QQQ 6 0 34 22.36
QQQ 7 0 35 22.36
QQQ 0 1 29 22.36
QQQ 1 1 28 22.36
QQQ 2 1 29 22.36
QQQ 3 1 24 22.36
QQQ 4 1 28 22.36
QQQ 5 1 26 22.36
QQQ 6 1 30 22.36
QQQ 7 1 29 22.36
QQQ 0 0 36 22.46
QQQ 1 0 38 22.46
QQQ 2 0 42 22.46
QQQ 3 0 45 22.46
QQQ 4 0 34 22.46
QQQ 5 0 36 22.46
QQQ 6 0 34 22.46
QQQ 7 0 35 22.46
QQQ 0 1 29 22.46
QQQ 1 1 27 22.46
QQQ 2 1 29 22.46
QQQ 3 1 25 22.46
QQQ 4 1 27 22.46
QQQ 5 1 26 22.46
QQQ 6 1 30 22.46
QQQ 7 1 29 22.46
QQQ 0 0 37 22.56
QQQ 1 0 38 22.56
QQQ 2 0 43 22.56
QQQ 3 0 45 22.56
QQQ 4 0 34 22.56
QQQ 5 0 36 22.56
QQQ 6 0 34 22.56
QQQ 7 0 35 22.56
QQQ 0 1 28 22.56
QQQ 1 1 27 22.56
QQQ 2 1 29 22.56
QQQ 3 1 25 22.56
QQQ 4 1 28 22.56
QQQ 5 1 27 22.56
QQQ 6 1 29 22.56
QQQ 7 1 30 22.56
QQQ 0 0 37 22.66
QQQ 1 0 37 22.66
QQQ 2 0 42 22.66
QQQ 3 0 44 22.66
QQQ 4 0 34 22.66
QQQ 5 0 36 22.66
QQQ 6 0 34 22.66
QQQ 7 0 34 22.66
QQQ 0 1 29 22.66
QQQ 1 1 27 22.66
QQQ 2 1 28 22.66
QQQ 3 1 25 22.66
QQQ 4 1 28 22.66
QQQ 5 1 26 22.66
QQQ 6 1 30 22.66
QQQ 7 1 29 22.66
QQQ 0 0 37 22.76
QQQ 1 0 37 22.76
QQQ 2 0 43 22.76
QQQ 3 0 44 22.76
QQQ 4 0 34 22.76
QQQ 5 0 37 22.76
QQQ 6 0 34 22.76
QQQ 7 0 35 22.76
QQQ 0 1 29 22.76
QQQ 1 1 27 22.76
QQQ 2 1 28 22.76
QQQ 3 1 25 22.76
QQQ 4 1 27 22.76
QQQ 5 1 26 22.76
QQQ 6 1 30 22.76
QQQ 7 1 29 22.76
QQQ 0 0 37 22.86
QQQ 1 0 38 22.86
QQQ 2 0 42 22.86
QQQ 3 0 44 22.86
QQQ 4 0 34 22.86
QQQ 5 0 36 22.86
QQQ 6 0 34 22.86
QQQ 7 0 35 22.86
QQQ 0 1 29 22.86
QQQ 1 1 27 22.86
QQQ 2 1 29 22.86
QQQ 3 1 25 22.86
QQQ 4 1 28 22.86
QQQ 5 1 26 22.86
QQQ 6 1 31 22.86
QQQ 7 1 29 22.86
QQQ 0 0 37 22.96
QQQ 1 0 38 22.96
QQQ 2 0 42 22.96
QQQ 3 0 44 22.96
QQQ 4 0 34 22.96
QQQ 5 0 37 22.96
QQQ 6 0 34 22.96
QQQ 7 0 35 22.96
QQQ 0 1 29 22.96
QQQ 1 1 27 22.96
QQQ 2 1 28 22.96
QQQ 3 1 25 22.96
QQQ 4 1 27 22.96
QQQ 5 1 26 22.96
QQQ 6 1 30 22.96
QQQ 7 1 29 22.96
QQQ 0 0 37 23.06
QQQ 1 0 38 23.06
QQQ 2 0 43 23.06
QQQ 3 0 44 23.06
QQQ 4 0 34 23.06
QQQ 5 0 36 23.06
QQQ 6 0 34 23.06
QQQ 7 0 34 23.06
QQQ 0 1 29 23.07
QQQ 1 1 27 23.07
QQQ 2 1 28 23.07
QQQ 3 1 25 23.07
QQQ 4 1 27 23.07
QQQ 5 1 26 23.07
QQQ 6 1 29 23.07
QQQ 7 1 29 23.07
QQQ 0 0 36 23.17
QQQ 1 0 37 23.17
QQQ 2 0 43 23.17
QQQ 3 0 44 23.17
QQQ 4 0 34 23.17
QQQ 5 0 37 23.17
QQQ 6 0 34 23.17
QQQ 7 0 34 23.17
QQQ 0 1 29 23.17
QQQ 1 1 27 23.17
QQQ 2 1 29 23.17
QQQ 3 1 25 23.17
QQQ 4 1 27 23.17
QQQ 5 1 27 23.17
QQQ 6 1 30 23.17
QQQ 7 1 29 23.17
QQQ 0 0 37 23.27
QQQ 1 0 37 23.27
QQQ 2 0 42 23.27
QQQ 3 0 44 23.27
QQQ 4 0 34 23.27
QQQ 5 0 36 23.27
QQQ 6 0 34 23.27
QQQ 7 0 34 23.27
QQQ 0 1 30 23.27
QQQ 1 1 28 23.27
QQQ 2 1 29 23.27
QQQ 3 1 25 23.27
QQQ 4 1 27 23.27
QQQ 5 1 27 23.27
QQQ 6 1 31 23.27
QQQ 7 1 29 23.27
QQQ 0 0 37 23.37
QQQ 1 0 37 23.37
QQQ 2 0 42 23.37
QQQ 3 0 45 23.37
QQQ 4 0 34 23.37
QQQ 5 0 37 23.37
QQQ 6 0 34 23.37
QQQ 7 0 34 23.37
QQQ 0 1 29 23.37
QQQ 1 1 28 23.37
QQQ 2 1 29 23.37
QQQ 3 1 25 23.37
QQQ 4 1 28 23.37
QQQ 5 1 25 23.37
QQQ 6 1 30 23.37
QQQ 7 1 29 23.37
QQQ 0 0 37 23.47
QQQ 1 0 38 23.47
QQQ 2 0 43 23.47
QQQ 3 0 44 23.47
QQQ 4 0 34 23.47
QQQ 5 0 37 23.47
QQQ 6 0 34 23.47
QQQ 7 0 35 23.47
QQQ 0 1 29 23.47
QQQ 1 1 28 23.47
QQQ 2 1 29 23.47
QQQ 3 1 24 23.47
QQQ 4 1 27 23.47
QQQ 5 1 26 23.47
QQQ 6 1 29 23.47
QQQ 7 1 29 23.47
QQQ 0 0 37 23.57
QQQ 1 0 37 23.57
QQQ 2 0 42 23.57
QQQ 3 0 44 23.57
QQQ 4 0 34 23.57
QQQ 5 0 37 23.57
QQQ 6 0 34 23.57
QQQ 7 0 34 23.57
QQQ 0 1 29 23.57
QQQ 1 1 27 23.57
QQQ 2 1 29 23.57
QQQ 3 1 25 23.57
QQQ 4 1 27 23.57
QQQ 5 1 26 23.57
QQQ 6 1 30 23.57
QQQ 7 1 29 23.57
QQQ 0 0 38 23.67
QQQ 1 0 37 23.67
QQQ 2 0 43 23.67
QQQ 3 0 45 23.67
QQQ 4 0 34 23.67
QQQ 5 0 37 23.67
QQQ 6 0 34 23.67
QQQ 7 0 34 23.67
QQQ 0 1 29 23.67
QQQ 1 1 27 23.67
QQQ 2 1 28 23.67
QQQ 3 1 24 23.67
QQQ 4 1 28 23.67
QQQ 5 1 26 23.67
QQQ 6 1 29 23.67
QQQ 7 1 29 23.67
QQQ 0 0 37 23.77
QQQ 1 0 37 23.77
QQQ 2 0 43 23.77
QQQ 3 0 45 23.77
QQQ 4 0 33 23.77
QQQ 5 0 37 23.77
QQQ 6 0 34 23.77
QQQ 7 0 34 23.77
QQQ 0 1 29 23.77
QQQ 1 1 28 23.77
QQQ 2 1 28 23.77
QQQ 3 1 24 23.77
QQQ 4 1 27 23.77
QQQ 5 1 26 23.77
QQQ 6 1 30 23.77
QQQ 7 1 29 23.77
QQQ 0 0 37 23.87
QQQ 1 0 37 23.87
QQQ 2 0 42 23.87
QQQ 3 0 45 23.87
QQQ 4 0 34 23.87
QQQ 5 0 37 23.87
QQQ 6 0 35 23.87
QQQ 7 0 35 23.87
QQQ 0 1 29 23.87
QQQ 1 1 27 23.87
QQQ 2 1 29 23.87
QQQ 3 1 24 23.87
QQQ 4 1 27 23.87
QQQ 5 1 26 23.87
QQQ 6 1 30 23.87
QQQ 7 1 29 23.87
QQQ 0 0 38 23.97
QQQ 1 0 37 23.97
QQQ 2 0 42 23.97
QQQ 3 0 45 23.97
QQQ 4 0 34 23.97
QQQ 5 0 37 23.97
QQQ 6 0 34 23.97
QQQ 7 0 34 23.97
QQQ 0 1 29 23.97
QQQ 1 1 28 23.97
QQQ 2 1 29 23.97
QQQ 3 1 25 23.97
QQQ 4 1 27 23.97
QQQ 5 1 27 23.97
QQQ 6 1 30 23.97
QQQ 7 1 29 23.97
QQQ 0 0 38 24.07
QQQ 1 0 37 24.07
QQQ 2 0 42 24.07
QQQ 3 0 44 24.07
QQQ 4 0 34 24.07
QQQ 5 0 37 24.07
QQQ 6 0 34 24.07
QQQ 7 0 34 24.07
QQQ 0 1 29 24.07
QQQ 1 1 28 24.07
QQQ 2 1 28 24.07
QQQ 3 1 24 24.07
QQQ 4 1 28 24.07
QQQ 5 1 26 24.07
QQQ 6 1 30 24.07
QQQ 7 1 29 24.07
QQQ 0 0 38 24.17
QQQ 1 0 37 24.17
QQQ 2 0 42 24.17
QQQ 3 0 45 24.17
QQQ 4 0 34 24.17
QQQ 5 0 37 24.17
QQQ 6 0 34 24.17
QQQ 7 0 35 24.17
QQQ 0 1 29 24.17
QQQ 1 1 28 24.17
QQQ 2 1 28 24.17
QQQ 3 1 25 24.17
QQQ 4 1 28 24.17
QQQ 5 1 26 24.17
QQQ 6 1 29 24.17
QQQ 7 1 30 24.17
QQQ 0 0 37 24.27
QQQ 1 0 38 24.27
QQQ 2 0 42 24.27
QQQ 3 0 45 24.27
QQQ 4 0 34 24.27
QQQ 5 0 37 24.27
QQQ 6 0 34 24.27
QQQ 7 0 35 24.27
QQQ 0 1 29 24.27
QQQ 1 1 28 24.27
QQQ 2 1 28 24.27
QQQ 3 1 25 24.27
QQQ 4 1 28 24.27
QQQ 5 1 26 24.27
QQQ 6 1 30 24.27
QQQ 7 1 30 24.27
QQQ 0 0 38 24.37
QQQ 1 0 38 24.37
QQQ 2 0 42 24.37
QQQ 3 0 45 24.37
QQQ 4 0 34 24.37
QQQ 5 0 37 24.37
QQQ 6 0 34 24.37
QQQ 7 0 35 24.37
QQQ 0 1 29 24.37
QQQ 1 1 27 24.38
QQQ 2 1 28 24.38
QQQ 3 1 25 24.38
QQQ 4 1 27 24.38
QQQ 5 1 26 24.38
QQQ 6 1 30 24.38
QQQ 7 1 29 24.38
QQQ 0 0 37 24.48
QQQ 1 0 37 24.48
QQQ 2 0 42 24.48
QQQ 3 0 44 24.48
QQQ 4 0 34 24.48
QQQ 5 0 36 24.48
QQQ 6 0 34 24.48
QQQ 7 0 34 24.48
QQQ 0 1 29 24.48
QQQ 1 1 27 24.48
QQQ 2 1 28 24.48
QQQ 3 1 24 24.48
QQQ 4 1 27 24.48
QQQ 5 1 26 24.48
QQQ 6 1 30 24.48
QQQ 7 1 30 24.48
QQQ 0 0 37 24.58
QQQ 1 0 38 24.58
QQQ 2 0 43 24.58
QQQ 3 0 45 24.58
QQQ 4 0 34 24.58
QQQ 5 0 36 24.58
QQQ 6 0 34 24.58
QQQ 7 0 34 24.58
QQQ 0 1 30 24.58
QQQ 1 1 28 24.58
QQQ 2 1 29 24.58
QQQ 3 1 24 24.58
QQQ 4 1 28 24.58
QQQ 5 1 26 24.58
QQQ 6 1 30 24.58
QQQ 7 1 29 24.58
QQQ 0 0 37 24.68
QQQ 1 0 37 24.68
QQQ 2 0 42 24.68
QQQ 3 0 45 24.68
QQQ 4 0 34 24.68
QQQ 5 0 36 24.68
QQQ 6 0 34 24.68
QQQ 7 0 35 24.68
QQQ 0 1 30 24.68
QQQ 1 1 28 24.68
QQQ 2 1 28 24.68
QQQ 3 1 25 24.68
QQQ 4 1 27 24.68
QQQ 5 1 26 24.68
QQQ 6 1 29 24.68
QQQ 7 1 30 24.68
QQQ 0 0 37 24.78
QQQ 1 0 37 24.78
QQQ 2 0 42 24.78
QQQ 3 0 45 24.78
QQQ 4 0 34 24.78
QQQ 5 0 37 24.78
QQQ 6 0 35 24.78
QQQ 7 0 35 24.78
QQQ 0 1 30 24.78
QQQ 1 1 27 24.78
QQQ 2 1 28 24.78
QQQ 3 1 25 24.78
QQQ 4 1 28 24.78
QQQ 5 1 26 24.78
QQQ 6 1 30 24.78
QQQ 7 1 28 24.78
QQQ 0 0 37 24.88
QQQ 1 0 38 24.88
QQQ 2 0 42 24.88
QQQ 3 0 44 24.88
QQQ 4 0 34 24.88
QQQ 5 0 35 24.88
QQQ 6 0 34 24.88
QQQ 7 0 35 24.88
QQQ 0 1 29 24.88
QQQ 1 1 28 24.88
QQQ 2 1 28 24.88
QQQ 3 1 24 24.88
QQQ 4 1 28 24.88
QQQ 5 1 26 24.88
QQQ 6 1 29 24.88
QQQ 7 1 29 24.88
QQQ 0 0 38 24.98
QQQ 1 0 37 24.98
QQQ 2 0 43 24.98
QQQ 3 0 44 24.98
QQQ 4 0 34 24.98
QQQ 5 0 37 24.98
QQQ 6 0 34 24.98
QQQ 7 0 34 24.98
QQQ 0 1 29 24.98
QQQ 1 1 27 24.98
QQQ 2 1 28 24.98
QQQ 3 1 24 24.98
QQQ 4 1 28 24.98
QQQ 5 1 27 24.98
QQQ 6 1 29 24.98
QQQ 7 1 29 24.98
QQQ 0 0 38 25.08
QQQ 1 0 38 25.08
QQQ 2 0 43 25.08
QQQ 3 0 44 25.08
QQQ 4 0 34 25.08
QQQ 5 0 37 25.08
QQQ 6 0 34 25.08
QQQ 7 0 35 25.08
QQQ 0 1 29 25.08
QQQ 1 1 27 25.08
QQQ 2 1 28 25.08
QQQ 3 1 25 25.08
QQQ 4 1 27 25.08
QQQ 5 1 26 25.08
QQQ 6 1 29 25.08
QQQ 7 1 29 25.08
QQQ 0 0 37 25.18
QQQ 1 0 37 25.18
QQQ 2 0 42 25.18
QQQ 3 0 45 25.18
QQQ 4 0 34 25.18
QQQ 5 0 37 25.18
QQQ 6 0 34 25.18
QQQ 7 0 35 25.18
QQQ 0 1 29 25.18
QQQ 1 1 27 25.18
QQQ 2 1 28 25.18
QQQ 3 1 24 25.18
QQQ 4 1 27 25.18
QQQ 5 1 26 25.18
QQQ 6 1 29 25.18
QQQ 7 1 29 25.18
QQQ 0 0 38 25.28
QQQ 1 0 38 25.28
QQQ 2 0 43 25.28
QQQ 3 0 44 25.28
QQQ 4 0 34 25.28
QQQ 5 0 37 25.28
QQQ 6 0 34 25.28
QQQ 7 0 35 25.28
QQQ 0 1 29 25.28
QQQ 1 1 27 25.28
QQQ 2 1 28 25.28
QQQ 3 1 24 25.28
QQQ 4 1 27 25.28
QQQ 5 1 26 25.28
QQQ 6 1 29 25.28
QQQ 7 1 29 25.28
QQQ 0 0 38 25.38
QQQ 1 0 38 25.38
QQQ 2 0 42 25.38
QQQ 3 0 45 25.38
QQQ 4 0 34 25.38
QQQ 5 0 36 25.38
QQQ 6 0 34 25.38
QQQ 7 0 35 25.38
QQQ 0 1 29 25.38
QQQ 1 1 27 25.38
QQQ 2 1 28 25.38
QQQ 3 1 25 25.38
QQQ 4 1 28 25.38
QQQ 5 1 26 25.38
QQQ 6 1 30 25.38
QQQ 7 1 28 25.38
QQQ 0 0 38 25.48
QQQ 1 0 38 25.48
QQQ 2 0 42 25.48
QQQ 3 0 45 25.48
QQQ 4 0 34 25.48
QQQ 5 0 37 25.48
QQQ 6 0 34 25.48
QQQ 7 0 35 25.48
QQQ 0 1 29 25.48
QQQ 1 1 27 25.48
QQQ 2 1 28 25.48
QQQ 3 1 24 25.48
QQQ 4 1 27 25.48
QQQ 5 1 26 25.48
QQQ 6 1 30 25.48
QQQ 7 1 30 25.48
QQQ 0 0 38 25.58
QQQ 1 0 37 25.58
QQQ 2 0 42 25.58
QQQ 3 0 45 25.58
QQQ 4 0 34 25.58
QQQ 5 0 36 25.58
QQQ 6 0 34 25.58
QQQ 7 0 35 25.58
QQQ 0 1 29 25.58
QQQ 1 1 27 25.58
QQQ 2 1 28 25.58
QQQ 3 1 25 25.58
QQQ 4 1 27 25.58
QQQ 5 1 27 25.58
QQQ 6 1 29 25.58
QQQ 7 1 29 25.58
QQQ 0 0 37 25.68
QQQ 1 0 37 25.68
QQQ 2 0 42 25.68
QQQ 3 0 44 25.68
QQQ 4 0 34 25.68
QQQ 5 0 37 25.68
QQQ 6 0 34 25.68
QQQ 7 0 35 25.68
QQQ 0 1 29 25.68
QQQ 1 1 27 25.68
QQQ 2 1 28 25.68
QQQ 3 1 24 25.68
QQQ 4 1 27 25.68
QQQ 5 1 26 25.68
QQQ 6 1 29 25.68
QQQ 7 1 30 25.68
QQQ 0 0 37 25.78
QQQ 1 0 38 25.78
QQQ 2 0 43 25.79
QQQ 3 0 45 25.79
QQQ 4 0 34 25.79
QQQ 5 0 36 25.79
QQQ 6 0 34 25.79
QQQ 7 0 35 25.79
QQQ 0 1 29 25.79
QQQ 1 1 27 25.79
QQQ 2 1 28 25.79
QQQ 3 1 24 25.79
QQQ 4 1 27 25.79
QQQ 5 1 26 25.79
QQQ 6 1 30 25.79
QQQ 7 1 29 25.79
QQQ 0 0 38 25.89
QQQ 1 0 38 25.89
QQQ 2 0 42 25.89
QQQ 3 0 45 25.89
QQQ 4 0 34 25.89
QQQ 5 0 37 25.89
QQQ 6 0 34 25.89
QQQ 7 0 35 25.89
QQQ 0 1 29 25.89
QQQ 1 1 27 25.89
QQQ 2 1 29 25.89
QQQ 3 1 24 25.89
QQQ 4 1 27 25.89
QQQ 5 1 25 25.89
QQQ 6 1 30 25.89
QQQ 7 1 29 25.89
QQQ 0 0 37 25.99
QQQ 1 0 38 25.99
QQQ 2 0 43 25.99
QQQ 3 0 45 25.99
QQQ 4 0 34 25.99
QQQ 5 0 36 25.99
QQQ 6 0 34 25.99
QQQ 7 0 35 25.99
QQQ 0 1 29 25.99
QQQ 1 1 28 25.99
QQQ 2 1 29 25.99
QQQ 3 1 24 25.99
QQQ 4 1 27 25.99
QQQ 5 1 27 25.99
QQQ 6 1 30 25.99
QQQ 7 1 30 25.99
QQQ 0 0 37 26.09
QQQ 1 0 38 26.09
QQQ 2 0 43 26.09
QQQ 3 0 44 26.09
QQQ 4 0 34 26.09
QQQ 5 0 37 26.09
QQQ 6 0 34 26.09
QQQ 7 0 35 26.09
QQQ 0 1 29 26.09
QQQ 1 1 28 26.09
QQQ 2 1 28 26.09
QQQ 3 1 25 26.09
QQQ 4 1 27 26.09
QQQ 5 1 27 26.09
QQQ 6 1 29 26.09
QQQ 7 1 30 26.09
QQQ 0 0 38 26.19
QQQ 1 0 38 26.19
QQQ 2 0 43 26.19
QQQ 3 0 45 26.19
QQQ 4 0 34 26.19
QQQ 5 0 37 26.19
QQQ 6 0 34 26.19
QQQ 7 0 35 26.19
QQQ 0 1 28 26.19
QQQ 1 1 27 26.19
QQQ 2 1 28 26.19
QQQ 3 1 24 26.19
QQQ 4 1 27 26.19
QQQ 5 1 25 26.19
QQQ 6 1 30 26.19
QQQ 7 1 30 26.19
QQQ 0 0 37 26.29
QQQ 1 0 38 26.29
QQQ 2 0 43 26.29
QQQ 3 0 45 26.29
QQQ 4 0 34 26.29
QQQ 5 0 36 26.29
QQQ 6 0 34 26.29
QQQ 7 0 35 26.29
QQQ 0 1 29 26.29
QQQ 1 1 28 26.29
QQQ 2 1 28 26.29
QQQ 3 1 25 26.29
QQQ 4 1 28 26.29
QQQ 5 1 27 26.29
QQQ 6 1 30 26.29
QQQ 7 1 29 26.29
QQQ 0 0 37 26.39
QQQ 1 0 39 26.39
QQQ 2 0 43 26.39
QQQ 3 0 45 26.39
QQQ 4 0 34 26.39
QQQ 5 0 37 26.39
QQQ 6 0 34 26.39
QQQ 7 0 34 26.39
QQQ 0 1 29 26.39
QQQ 1 1 27 26.39
QQQ 2 1 28 26.39
QQQ 3 1 25 26.39
QQQ 4 1 27 26.39
QQQ 5 1 26 26.39
QQQ 6 1 29 26.39
QQQ 7 1 29 26.39
QQQ 0 0 38 26.49
QQQ 1 0 38 26.49
QQQ 2 0 42 26.49
QQQ 3 0 45 26.49
QQQ 4 0 34 26.49
QQQ 5 0 37 26.49
QQQ 6 0 34 26.49
QQQ 7 0 35 26.49
QQQ 0 1 29 26.49
QQQ 1 1 27 26.49
QQQ 2 1 28 26.49
QQQ 3 1 24 26.49
QQQ 4 1 27 26.49
QQQ 5 1 27 26.49
QQQ 6 1 30 26.49
QQQ 7 1 29 26.49
QQQ 0 0 37 26.59
QQQ 1 0 38 26.59
QQQ 2 0 43 26.59
QQQ 3 0 45 26.59
QQQ 4 0 33 26.59
QQQ 5 0 36 26.59
QQQ 6 0 34 26.59
QQQ 7 0 34 26.59
QQQ 0 1 29 26.59
QQQ 1 1 27 26.59
QQQ 2 1 28 26.59
QQQ 3 1 25 26.59
QQQ 4 1 27 26.59
QQQ 5 1 26 26.59
QQQ 6 1 30 26.59
QQQ 7 1 29 26.59
QQQ 0 0 38 26.69
QQQ 1 0 38 26.69
QQQ 2 0 43 26.69
QQQ 3 0 45 26.69
QQQ 4 0 34 26.69
QQQ 5 0 37 26.69
QQQ 6 0 34 26.69
QQQ 7 0 34 26.69
QQQ 0 1 29 26.69
QQQ 1 1 28 26.69
QQQ 2 1 28 26.69
QQQ 3 1 24 26.69
QQQ 4 1 27 26.69
QQQ 5 1 26 26.69
QQQ 6 1 30 26.69
QQQ 7 1 29 26.69
QQQ 0 0 37 26.79
QQQ 1 0 38 26.79
QQQ 2 0 44 26.79
QQQ 3 0 45 26.79
QQQ 4 0 34 26.79
QQQ 5 0 36 26.79
QQQ 6 0 34 26.79
QQQ 7 0 34 26.79
QQQ 0 1 29 26.79
QQQ 1 1 28 26.79
QQQ 2 1 28 26.79
QQQ 3 1 25 26.79
QQQ 4 1 28 26.79
QQQ 5 1 26 26.79
QQQ 6 1 31 26.79
QQQ 7 1 29 26.79
QQQ 0 0 38 26.89
QQQ 1 0 37 26.89
QQQ 2 0 44 26.89
QQQ 3 0 45 26.89
QQQ 4 0 34 26.89
QQQ 5 0 37 26.89
QQQ 6 0 34 26.89
QQQ 7 0 34 26.89
QQQ 0 1 30 26.89
QQQ 1 1 27 26.89
QQQ 2 1 29 26.89
QQQ 3 1 24 26.89
QQQ 4 1 27 26.89
QQQ 5 1 26 26.89
QQQ 6 1 30 26.89
QQQ 7 1 29 26.89
QQQ 0 0 38 26.99
QQQ 1 0 38 26.99
QQQ 2 0 43 26.99
QQQ 3 0 45 26.99
QQQ 4 0 34 26.99
QQQ 5 0 37 26.99
QQQ 6 0 35 26.99
QQQ 7 0 34 26.99
QQQ 0 1 29 26.99
QQQ 1 1 28 26.99
QQQ 2 1 28 26.99
QQQ 3 1 24 26.99
QQQ 4 1 28 26.99
QQQ 5 1 26 26.99
QQQ 6 1 30 26.99
QQQ 7 1 29 26.99
QQQ 0 0 38 27.09
QQQ 1 0 38 27.09
QQQ 2 0 43 27.09
QQQ 3 0 45 27.09
QQQ 4 0 34 27.09
QQQ 5 0 37 27.10
QQQ 6 0 34 27.10
QQQ 7 0 34 27.10
QQQ 0 1 29 27.10
QQQ 1 1 28 27.10
QQQ 2 1 28 27.10
QQQ 3 1 24 27.10
QQQ 4 1 28 27.10
QQQ 5 1 27 27.10
QQQ 6 1 30 27.10
QQQ 7 1 29 27.10
QQQ 0 0 37 27.20
QQQ 1 0 38 27.20
QQQ 2 0 44 27.20
QQQ 3 0 46 27.20
QQQ 4 0 34 27.20
QQQ 5 0 38 27.20
QQQ 6 0 34 27.20
QQQ 7 0 34 27.20
QQQ 0 1 28 27.20
QQQ 1 1 27 27.20
QQQ 2 1 28 27.20
QQQ 3 1 25 27.20
QQQ 4 1 27 27.20
QQQ 5 1 27 27.20
QQQ 6 1 31 27.20
QQQ 7 1 29 27.20
QQQ 0 0 38 27.30
QQQ 1 0 38 27.30
QQQ 2 0 43 27.30
QQQ 3 0 45 27.30
QQQ 4 0 34 27.30
QQQ 5 0 37 27.30
QQQ 6 0 35 27.30
QQQ 7 0 34 27.30
QQQ 0 1 29 27.30
QQQ 1 1 27 27.30
QQQ 2 1 28 27.30
QQQ 3 1 24 27.30
QQQ 4 1 28 27.30
QQQ 5 1 26 27.30
QQQ 6 1 30 27.30
QQQ 7 1 29 27.30
QQQ 0 0 37 27.40
QQQ 1 0 38 27.40
QQQ 2 0 42 27.40
QQQ 3 0 45 27.40
QQQ 4 0 34 27.40
QQQ 5 0 37 27.40
QQQ 6 0 34 27.40
QQQ 7 0 35 27.40
QQQ 0 1 29 27.40
QQQ 1 1 27 27.40
QQQ 2 1 28 27.40
QQQ 3 1 24 27.40
QQQ 4 1 27 27.40
QQQ 5 1 27 27.40
QQQ 6 1 30 27.40
QQQ 7 1 29 27.40
QQQ 0 0 38 27.50
QQQ 1 0 38 27.50
QQQ 2 0 43 27.50
QQQ 3 0 45 27.50
QQQ 4 0 34 27.50
QQQ 5 0 37 27.50
QQQ 6 0 34 27.50
QQQ 7 0 35 27.50
QQQ 0 1 29 27.50
QQQ 1 1 27 27.50
QQQ 2 1 29 27.50
QQQ 3 1 24 27.50
QQQ 4 1 27 27.50
QQQ 5 1 27 27.50
QQQ 6 1 30 27.50
QQQ 7 1 30 27.50
QQQ 0 0 37 27.60
QQQ 1 0 38 27.60
QQQ 2 0 42 27.60
QQQ 3 0 46 27.60
QQQ 4 0 34 27.60
QQQ 5 0 36 27.60
QQQ 6 0 34 27.60
QQQ 7 0 34 27.60
QQQ 0 1 29 27.60
QQQ 1 1 27 27.60
QQQ 2 1 28 27.60
QQQ 3 1 25 27.60
QQQ 4 1 27 27.60
QQQ 5 1 25 27.60
QQQ 6 1 30 27.60
QQQ 7 1 29 27.60
QQQ 0 0 38 27.70
QQQ 1 0 39 27.70
QQQ 2 0 43 27.70
QQQ 3 0 46 27.70
QQQ 4 0 34 27.70
QQQ 5 0 36 27.70
QQQ 6 0 35 27.70
QQQ 7 0 35 27.70
QQQ 0 1 28 27.70
QQQ 1 1 27 27.70
QQQ 2 1 28 27.70
QQQ 3 1 24 27.70
QQQ 4 1 27 27.70
QQQ 5 1 25 27.70
QQQ 6 1 30 27.70
QQQ 7 1 29 27.70
QQQ 0 0 38 27.80
QQQ 1 0 38 27.80
QQQ 2 0 43 27.80
QQQ 3 0 45 27.80
QQQ 4 0 34 27.80
QQQ 5 0 37 27.80
QQQ 6 0 35 27.80
QQQ 7 0 35 27.80
QQQ 0 1 29 27.80
QQQ 1 1 27 27.80
QQQ 2 1 28 27.80
QQQ 3 1 24 27.80
QQQ 4 1 28 27.80
QQQ 5 1 26 27.80
QQQ 6 1 30 27.80
QQQ 7 1 29 27.80
QQQ 0 0 37 27.90
QQQ 1 0 38 27.90
QQQ 2 0 43 27.90
QQQ 3 0 45 27.90
QQQ 4 0 34 27.90
QQQ 5 0 37 27.90
QQQ 6 0 34 27.90
QQQ 7 0 35 27.90
QQQ 0 1 29 27.90
QQQ 1 1 27 27.90
QQQ 2 1 28 27.90
QQQ 3 1 24 27.90
QQQ 4 1 28 27.90
QQQ 5 1 26 27.90
QQQ 6 1 30 27.90
QQQ 7 1 29 27.90
QQQ 0 0 38 28.00
QQQ 1 0 37 28.00
QQQ 2 0 43 28.00
QQQ 3 0 45 28.00
QQQ 4 0 34 28.00
QQQ 5 0 36 28.00
QQQ 6 0 35 28.00
QQQ 7 0 34 28.00
QQQ 0 1 29 28.00
QQQ 1 1 28 28.00
QQQ 2 1 28 28.00
QQQ 3 1 24 28.00
QQQ 4 1 28 28.00
QQQ 5 1 27 28.00
QQQ 6 1 29 28.00
QQQ 7 1 30 28.00
QQQ 0 0 38 28.10
QQQ 1 0 38 28.10
QQQ 2 0 43 28.10
QQQ 3 0 45 28.10
QQQ 4 0 34 28.10
QQQ 5 0 36 28.10
QQQ 6 0 34 28.10
QQQ 7 0 34 28.10
QQQ 0 1 28 28.10
QQQ 1 1 27 28.10
QQQ 2 1 27 28.10
QQQ 3 1 24 28.10
QQQ 4 1 28 28.10
QQQ 5 1 27 28.10
QQQ 6 1 31 28.10
QQQ 7 1 29 28.10
QQQ 0 0 38 28.20
QQQ 1 0 38 28.20
QQQ 2 0 44 28.20
QQQ 3 0 46 28.20
QQQ 4 0 34 28.20
QQQ 5 0 36 28.20
QQQ 6 0 34 28.20
QQQ 7 0 35 28.20
QQQ 0 1 29 28.20
QQQ 1 1 28 28.20
QQQ 2 1 28 28.20
QQQ 3 1 24 28.20
QQQ 4 1 28 28.20
QQQ 5 1 27 28.20
QQQ 6 1 30 28.20
QQQ 7 1 29 28.20
QQQ 0 0 38 28.30
QQQ 1 0 37 28.30
QQQ 2 0 43 28.30
QQQ 3 0 46 28.30
QQQ 4 0 34 28.30
QQQ 5 0 36 28.30
QQQ 6 0 34 28.30
QQQ 7 0 35 28.30
QQQ 0 1 29 28.30
QQQ 1 1 27 28.30
QQQ 2 1 28 28.30
QQQ 3 1 24 28.30
QQQ 4 1 28 28.30
QQQ 5 1 26 28.30
QQQ 6 1 30 28.30
QQQ 7 1 29 28.30
QQQ 0 0 38 28.40
QQQ 1 0 37 28.40
QQQ 2 0 43 28.40
QQQ 3 0 46 28.40
QQQ 4 0 34 28.40
QQQ 5 0 37 28.40
QQQ 6 0 34 28.40
QQQ 7 0 35 28.40
QQQ 0 1 29 28.40
QQQ 1 1 27 28.40
QQQ 2 1 28 28.41
QQQ 3 1 25 28.41
QQQ 4 1 28 28.41
QQQ 5 1 26 28.41
QQQ 6 1 29 28.41
QQQ 7 1 29 28.41
QQQ 0 0 38 28.51
QQQ 1 0 39 28.51
QQQ 2 0 43 28.51
QQQ 3 0 45 28.51
QQQ 4 0 34 28.51
QQQ 5 0 36 28.51
QQQ 6 0 34 28.51
QQQ 7 0 35 28.51
QQQ 0 1 29 28.51
QQQ 1 1 28 28.51
QQQ 2 1 28 28.51
QQQ 3 1 24 28.51
QQQ 4 1 28 28.51
QQQ 5 1 27 28.51
QQQ 6 1 29 28.51
QQQ 7 1 29 28.51
QQQ 0 0 38 28.61
QQQ 1 0 38 28.61
QQQ 2 0 42 28.61
QQQ 3 0 46 28.61
QQQ 4 0 34 28.61
QQQ 5 0 37 28.61
QQQ 6 0 35 28.61
QQQ 7 0 35 28.61
QQQ 0 1 29 28.61
QQQ 1 1 27 28.61
QQQ 2 1 27 28.61
QQQ 3 1 24 28.61
QQQ 4 1 27 28.61
QQQ 5 1 27 28.61
QQQ 6 1 29 28.61
QQQ 7 1 29 28.61
QQQ 0 0 37 28.71
QQQ 1 0 38 28.71
QQQ 2 0 43 28.71
QQQ 3 0 45 28.71
QQQ 4 0 34 28.71
QQQ 5 0 36 28.71
QQQ 6 0 35 28.71
QQQ 7 0 35 28.71
QQQ 0 1 29 28.71
QQQ 1 1 28 28.71
QQQ 2 1 28 28.71
QQQ 3 1 24 28.71
QQQ 4 1 27 28.71
QQQ 5 1 27 28.71
QQQ 6 1 29 28.71
QQQ 7 1 30 28.71
QQQ 0 0 37 28.81
QQQ 1 0 38 28.81
QQQ 2 0 43 28.81
QQQ 3 0 45 28.81
QQQ 4 0 34 28.81
QQQ 5 0 37 28.81
QQQ 6 0 34 28.81
QQQ 7 0 35 28.81
QQQ 0 1 29 28.81
QQQ 1 1 27 28.81
QQQ 2 1 28 28.81
QQQ 3 1 24 28.81
QQQ 4 1 27 28.81
QQQ 5 1 27 28.81
QQQ 6 1 30 28.81
QQQ 7 1 29 28.81
QQQ 0 0 37 28.91
QQQ 1 0 38 28.91
QQQ 2 0 42 28.91
QQQ 3 0 46 28.91
QQQ 4 0 34 28.91
QQQ 5 0 37 28.91
QQQ 6 0 34 28.91
QQQ 7 0 35 28.91
QQQ 0 1 29 28.91
QQQ 1 1 27 28.91
QQQ 2 1 28 28.91
QQQ 3 1 24 28.91
QQQ 4 1 28 28.91
QQQ 5 1 26 28.91
QQQ 6 1 30 28.91
QQQ 7 1 29 28.91
QQQ 0 0 37 29.01
QQQ 1 0 38 29.01
QQQ 2 0 42 29.01
QQQ 3 0 45 29.01
QQQ 4 0 34 29.01
QQQ 5 0 36 29.01
QQQ 6 0 35 29.01
QQQ 7 0 35 29.01
QQQ 0 1 29 29.01
QQQ 1 1 27 29.01
QQQ 2 1 28 29.01
QQQ 3 1 24 29.01
QQQ 4 1 27 29.01
QQQ 5 1 27 29.01
QQQ 6 1 29 29.01
QQQ 7 1 29 29.01
QQQ 0 0 38 29.11
QQQ 1 0 38 29.11
QQQ 2 0 43 29.11
QQQ 3 0 46 29.11
QQQ 4 0 35 29.11
QQQ 5 0 36 29.11
QQQ 6 0 34 29.11
QQQ 7 0 35 29.11
QQQ 0 1 30 29.11
QQQ 1 1 27 29.11
QQQ 2 1 28 29.11
QQQ 3 1 24 29.11
QQQ 4 1 27 29.11
QQQ 5 1 26 29.11
QQQ 6 1 29 29.11
QQQ 7 1 29 29.11
QQQ 0 0 37 29.21
QQQ 1 0 38 29.21
QQQ 2 0 42 29.21
QQQ 3 0 45 29.21
QQQ 4 0 34 29.21
QQQ 5 0 36 29.21
QQQ 6 0 34 29.21
QQQ 7 0 35 29.21
QQQ 0 1 29 29.21
QQQ 1 1 27 29.21
QQQ 2 1 28 29.21
QQQ 3 1 24 29.21
QQQ 4 1 27 29.21
QQQ 5 1 26 29.21
QQQ 6 1 29 29.21
QQQ 7 1 29 29.21
QQQ 0 0 37 29.31
QQQ 1 0 38 29.31
QQQ 2 0 44 29.31
QQQ 3 0 46 29.31
QQQ 4 0 34 29.31
QQQ 5 0 36 29.31
QQQ 6 0 34 29.31
QQQ 7 0 35 29.31
QQQ 0 1 29 29.31
QQQ 1 1 28 29.31
QQQ 2 1 28 29.31
QQQ 3 1 26 29.31
QQQ 4 1 27 29.31
QQQ 5 1 26 29.31
QQQ 6 1 30 29.31
QQQ 7 1 29 29.31
QQQ 0 0 37 29.41
QQQ 1 0 37 29.41
QQQ 2 0 43 29.41
QQQ 3 0 45 29.41
QQQ 4 0 34 29.41
QQQ 5 0 36 29.41
QQQ 6 0 34 29.41
QQQ 7 0 35 29.41
QQQ 0 1 29 29.41
QQQ 1 1 28 29.41
QQQ 2 1 28 29.41
QQQ 3 1 24 29.41
QQQ 4 1 27 29.41
QQQ 5 1 26 29.41
QQQ 6 1 30 29.41
QQQ 7 1 29 29.41
QQQ 0 0 38 29.51
QQQ 1 0 37 29.51
QQQ 2 0 43 29.51
QQQ 3 0 46 29.51
QQQ 4 0 34 29.51
QQQ 5 0 36 29.51
QQQ 6 0 34 29.51
QQQ 7 0 35 29.51
QQQ 0 1 30 29.51
QQQ 1 1 27 29.51
QQQ 2 1 29 29.51
QQQ 3 1 25 29.51
QQQ 4 1 27 29.51
QQQ 5 1 26 29.51
QQQ 6 1 29 29.51
QQQ 7 1 29 29.51
QQQ 0 0 38 29.61
QQQ 1 0 38 29.61
QQQ 2 0 43 29.61
QQQ 3 0 46 29.61
QQQ 4 0 34 29.61
QQQ 5 0 37 29.61
QQQ 6 0 34 29.61
QQQ 7 0 35 29.61
QQQ 0 1 29 29.61
QQQ 1 1 28 29.61
QQQ 2 1 29 29.61
QQQ 3 1 25 29.61
QQQ 4 1 27 29.61
QQQ 5 1 27 29.61
QQQ 6 1 29 29.61
QQQ 7 1 29 29.61
QQQ 0 0 38 29.71
QQQ 1 0 38 29.71
QQQ 2 0 42 29.71
QQQ 3 0 45 29.71
QQQ 4 0 34 29.71
QQQ 5 0 37 29.71
QQQ 6 0 34 29.71
QQQ 7 0 35 29.71
QQQ 0 1 29 29.71
QQQ 1 1 28 29.71
QQQ 2 1 28 29.71
QQQ 3 1 25 29.71
QQQ 4 1 28 29.71
QQQ 5 1 27 29.71
QQQ 6 1 31 29.71
QQQ 7 1 30 29.71
QQQ 0 0 38 29.81
QQQ 1 0 38 29.81
QQQ 2 0 43 29.81
QQQ 3 0 46 29.81
QQQ 4 0 34 29.81
QQQ 5 0 36 29.81
QQQ 6 0 34 29.81
QQQ 7 0 35 29.81
QQQ 0 1 29 29.81
QQQ 1 1 27 29.81
QQQ 2 1 28 29.81
QQQ 3 1 24 29.81
QQQ 4 1 27 29.82
QQQ 5 1 26 29.82
QQQ 6 1 30 29.82
QQQ 7 1 29 29.82
