Q core socket tempC time
QQQ 0 0 39 0.00
QQQ 1 0 34 0.00
QQQ 2 0 43 0.00
QQQ 3 0 40 0.00
QQQ 4 0 36 0.00
QQQ 5 0 40 0.00
QQQ 6 0 38 0.00
QQQ 7 0 37 0.00
QQQ 0 1 37 0.00
QQQ 1 1 36 0.00
QQQ 2 1 36 0.00
QQQ 3 1 33 0.00
QQQ 4 1 35 0.00
QQQ 5 1 37 0.00
QQQ 6 1 38 0.00
QQQ 7 1 36 0.00
QQQ 0 0 39 0.10
QQQ 1 0 35 0.10
QQQ 2 0 44 0.10
QQQ 3 0 40 0.10
QQQ 4 0 38 0.10
QQQ 5 0 40 0.10
QQQ 6 0 39 0.10
QQQ 7 0 38 0.10
QQQ 0 1 37 0.10
QQQ 1 1 38 0.10
QQQ 2 1 38 0.10
QQQ 3 1 34 0.10
QQQ 4 1 36 0.10
QQQ 5 1 37 0.10
QQQ 6 1 39 0.10
QQQ 7 1 37 0.10
QQQ 0 0 39 0.20
QQQ 1 0 36 0.20
QQQ 2 0 44 0.20
QQQ 3 0 41 0.20
QQQ 4 0 39 0.20
QQQ 5 0 41 0.20
QQQ 6 0 40 0.20
QQQ 7 0 38 0.20
QQQ 0 1 38 0.20
QQQ 1 1 39 0.20
QQQ 2 1 40 0.20
QQQ 3 1 34 0.20
QQQ 4 1 37 0.20
QQQ 5 1 38 0.20
QQQ 6 1 40 0.20
QQQ 7 1 38 0.20
QQQ 0 0 40 0.30
QQQ 1 0 36 0.30
QQQ 2 0 45 0.30
QQQ 3 0 41 0.30
QQQ 4 0 39 0.30
QQQ 5 0 41 0.30
QQQ 6 0 41 0.30
QQQ 7 0 39 0.30
QQQ 0 1 39 0.30
QQQ 1 1 39 0.30
QQQ 2 1 40 0.30
QQQ 3 1 35 0.30
QQQ 4 1 37 0.30
QQQ 5 1 38 0.30
QQQ 6 1 40 0.30
QQQ 7 1 39 0.30
QQQ 0 0 40 0.40
QQQ 1 0 36 0.40
QQQ 2 0 45 0.40
QQQ 3 0 42 0.40
QQQ 4 0 40 0.40
QQQ 5 0 42 0.40
QQQ 6 0 41 0.40
QQQ 7 0 40 0.40
QQQ 0 1 39 0.40
QQQ 1 1 39 0.40
QQQ 2 1 41 0.40
QQQ 3 1 36 0.40
QQQ 4 1 38 0.40
QQQ 5 1 40 0.40
QQQ 6 1 41 0.40
QQQ 7 1 39 0.40
QQQ 0 0 39 0.50
QQQ 1 0 37 0.50
QQQ 2 0 46 0.50
QQQ 3 0 42 0.50
QQQ 4 0 41 0.50
QQQ 5 0 42 0.50
QQQ 6 0 42 0.50
QQQ 7 0 39 0.50
QQQ 0 1 39 0.50
QQQ 1 1 40 0.50
QQQ 2 1 41 0.50
QQQ 3 1 36 0.50
QQQ 4 1 39 0.50
QQQ 5 1 39 0.50
QQQ 6 1 41 0.50
QQQ 7 1 40 0.50
QQQ 0 0 41 0.60
QQQ 1 0 37 0.60
QQQ 2 0 46 0.60
QQQ 3 0 43 0.60
QQQ 4 0 41 0.60
QQQ 5 0 43 0.60
QQQ 6 0 42 0.60
QQQ 7 0 40 0.60
QQQ 0 1 39 0.60
QQQ 1 1 40 0.60
QQQ 2 1 42 0.60
QQQ 3 1 36 0.60
QQQ 4 1 39 0.60
QQQ 5 1 39 0.60
QQQ 6 1 41 0.60
QQQ 7 1 39 0.60
QQQ 0 0 40 0.70
QQQ 1 0 37 0.70
QQQ 2 0 47 0.70
QQQ 3 0 43 0.70
QQQ 4 0 41 0.70
QQQ 5 0 42 0.70
QQQ 6 0 43 0.70
QQQ 7 0 40 0.70
QQQ 0 1 40 0.70
QQQ 1 1 41 0.70
QQQ 2 1 42 0.70
QQQ 3 1 36 0.70
QQQ 4 1 39 0.70
QQQ 5 1 39 0.70
QQQ 6 1 42 0.70
QQQ 7 1 40 0.70
QQQ 0 0 41 0.80
QQQ 1 0 36 0.80
QQQ 2 0 46 0.80
QQQ 3 0 44 0.80
QQQ 4 0 41 0.80
QQQ 5 0 43 0.80
QQQ 6 0 43 0.80
QQQ 7 0 41 0.80
QQQ 0 1 41 0.80
QQQ 1 1 41 0.80
QQQ 2 1 42 0.80
QQQ 3 1 37 0.80
QQQ 4 1 41 0.80
QQQ 5 1 40 0.80
QQQ 6 1 42 0.80
QQQ 7 1 41 0.80
QQQ 0 0 42 0.90
QQQ 1 0 37 0.90
QQQ 2 0 46 0.90
QQQ 3 0 44 0.90
QQQ 4 0 42 0.90
QQQ 5 0 43 0.90
QQQ 6 0 43 0.90
QQQ 7 0 41 0.90
QQQ 0 1 41 0.90
QQQ 1 1 41 0.90
QQQ 2 1 43 0.90
QQQ 3 1 37 0.90
QQQ 4 1 40 0.90
QQQ 5 1 41 0.90
QQQ 6 1 43 0.90
QQQ 7 1 41 0.90
QQQ 0 0 42 1.00
QQQ 1 0 38 1.00
QQQ 2 0 47 1.00
QQQ 3 0 43 1.00
QQQ 4 0 42 1.00
QQQ 5 0 43 1.00
QQQ 6 0 43 1.00
QQQ 7 0 42 1.00
QQQ 0 1 41 1.00
QQQ 1 1 41 1.00
QQQ 2 1 43 1.00
QQQ 3 1 38 1.00
QQQ 4 1 41 1.00
QQQ 5 1 41 1.00
QQQ 6 1 44 1.00
QQQ 7 1 42 1.00
QQQ 0 0 42 1.10
QQQ 1 0 38 1.10
QQQ 2 0 47 1.10
QQQ 3 0 43 1.10
QQQ 4 0 42 1.10
QQQ 5 0 44 1.10
QQQ 6 0 44 1.10
QQQ 7 0 43 1.10
QQQ 0 1 41 1.10
QQQ 1 1 41 1.10
QQQ 2 1 43 1.10
QQQ 3 1 37 1.10
QQQ 4 1 42 1.10
QQQ 5 1 41 1.10
QQQ 6 1 43 1.10
QQQ 7 1 41 1.10
QQQ 0 0 42 1.20
QQQ 1 0 38 1.20
QQQ 2 0 47 1.20
QQQ 3 0 44 1.20
QQQ 4 0 42 1.20
QQQ 5 0 45 1.20
QQQ 6 0 44 1.20
QQQ 7 0 43 1.20
QQQ 0 1 41 1.20
QQQ 1 1 42 1.20
QQQ 2 1 43 1.20
QQQ 3 1 38 1.20
QQQ 4 1 41 1.20
QQQ 5 1 41 1.20
QQQ 6 1 44 1.20
QQQ 7 1 42 1.20
QQQ 0 0 42 1.30
QQQ 1 0 39 1.30
QQQ 2 0 47 1.30
QQQ 3 0 44 1.30
QQQ 4 0 43 1.30
QQQ 5 0 44 1.30
QQQ 6 0 43 1.30
QQQ 7 0 43 1.30
QQQ 0 1 42 1.30
QQQ 1 1 42 1.30
QQQ 2 1 43 1.30
QQQ 3 1 39 1.30
QQQ 4 1 41 1.30
QQQ 5 1 42 1.30
QQQ 6 1 44 1.30
QQQ 7 1 41 1.30
QQQ 0 0 43 1.40
QQQ 1 0 39 1.40
QQQ 2 0 48 1.40
QQQ 3 0 44 1.40
QQQ 4 0 42 1.40
QQQ 5 0 46 1.40
QQQ 6 0 45 1.40
QQQ 7 0 42 1.40
QQQ 0 1 41 1.40
QQQ 1 1 42 1.40
QQQ 2 1 43 1.40
QQQ 3 1 38 1.40
QQQ 4 1 42 1.40
QQQ 5 1 42 1.40
QQQ 6 1 44 1.40
QQQ 7 1 42 1.40
QQQ 0 0 43 1.50
QQQ 1 0 39 1.50
QQQ 2 0 48 1.50
QQQ 3 0 44 1.50
QQQ 4 0 43 1.50
QQQ 5 0 44 1.50
QQQ 6 0 45 1.50
QQQ 7 0 43 1.50
QQQ 0 1 42 1.50
QQQ 1 1 43 1.50
QQQ 2 1 44 1.50
QQQ 3 1 38 1.50
QQQ 4 1 42 1.50
QQQ 5 1 41 1.50
QQQ 6 1 44 1.50
QQQ 7 1 42 1.50
QQQ 0 0 43 1.60
QQQ 1 0 38 1.60
QQQ 2 0 47 1.60
QQQ 3 0 44 1.60
QQQ 4 0 43 1.60
QQQ 5 0 44 1.60
QQQ 6 0 45 1.60
QQQ 7 0 43 1.60
QQQ 0 1 42 1.60
QQQ 1 1 43 1.60
QQQ 2 1 44 1.60
QQQ 3 1 38 1.60
QQQ 4 1 42 1.60
QQQ 5 1 42 1.60
QQQ 6 1 45 1.60
QQQ 7 1 43 1.60
QQQ 0 0 43 1.70
QQQ 1 0 39 1.70
QQQ 2 0 48 1.70
QQQ 3 0 45 1.70
QQQ 4 0 44 1.70
QQQ 5 0 45 1.70
QQQ 6 0 45 1.70
QQQ 7 0 44 1.70
QQQ 0 1 42 1.70
QQQ 1 1 43 1.70
QQQ 2 1 44 1.70
QQQ 3 1 39 1.70
QQQ 4 1 42 1.70
QQQ 5 1 43 1.70
QQQ 6 1 45 1.70
QQQ 7 1 42 1.70
QQQ 0 0 44 1.80
QQQ 1 0 39 1.80
QQQ 2 0 48 1.80
QQQ 3 0 44 1.80
QQQ 4 0 44 1.80
QQQ 5 0 46 1.80
QQQ 6 0 45 1.80
QQQ 7 0 44 1.80
QQQ 0 1 43 1.80
QQQ 1 1 43 1.80
QQQ 2 1 44 1.80
QQQ 3 1 38 1.80
QQQ 4 1 43 1.80
QQQ 5 1 43 1.80
QQQ 6 1 45 1.80
QQQ 7 1 43 1.80
QQQ 0 0 44 1.90
QQQ 1 0 39 1.90
QQQ 2 0 47 1.90
QQQ 3 0 44 1.90
QQQ 4 0 44 1.90
QQQ 5 0 46 1.90
QQQ 6 0 45 1.90
QQQ 7 0 43 1.90
QQQ 0 1 43 1.90
QQQ 1 1 43 1.90
QQQ 2 1 44 1.90
QQQ 3 1 39 1.90
QQQ 4 1 43 1.90
QQQ 5 1 43 1.90
QQQ 6 1 45 1.90
QQQ 7 1 43 1.90
QQQ 0 0 44 2.00
QQQ 1 0 40 2.00
QQQ 2 0 48 2.00
QQQ 3 0 45 2.00
QQQ 4 0 44 2.00
QQQ 5 0 46 2.00
QQQ 6 0 45 2.00
QQQ 7 0 44 2.00
QQQ 0 1 43 2.00
QQQ 1 1 43 2.00
QQQ 2 1 44 2.00
QQQ 3 1 40 2.00
QQQ 4 1 43 2.00
QQQ 5 1 44 2.00
QQQ 6 1 45 2.00
QQQ 7 1 44 2.00
QQQ 0 0 44 2.10
QQQ 1 0 39 2.10
QQQ 2 0 48 2.10
QQQ 3 0 46 2.10
QQQ 4 0 44 2.10
QQQ 5 0 46 2.10
QQQ 6 0 45 2.10
QQQ 7 0 44 2.10
QQQ 0 1 42 2.10
QQQ 1 1 43 2.10
QQQ 2 1 44 2.10
QQQ 3 1 39 2.10
QQQ 4 1 43 2.10
QQQ 5 1 43 2.10
QQQ 6 1 45 2.10
QQQ 7 1 44 2.10
QQQ 0 0 44 2.20
QQQ 1 0 39 2.20
QQQ 2 0 49 2.20
QQQ 3 0 45 2.20
QQQ 4 0 44 2.20
QQQ 5 0 46 2.20
QQQ 6 0 45 2.20
QQQ 7 0 45 2.20
QQQ 0 1 43 2.20
QQQ 1 1 43 2.20
QQQ 2 1 44 2.20
QQQ 3 1 39 2.20
QQQ 4 1 44 2.20
QQQ 5 1 43 2.20
QQQ 6 1 45 2.20
QQQ 7 1 44 2.20
QQQ 0 0 44 2.30
QQQ 1 0 39 2.30
QQQ 2 0 48 2.30
QQQ 3 0 46 2.30
QQQ 4 0 45 2.30
QQQ 5 0 47 2.30
QQQ 6 0 45 2.30
QQQ 7 0 44 2.30
QQQ 0 1 43 2.30
QQQ 1 1 43 2.30
QQQ 2 1 45 2.30
QQQ 3 1 40 2.30
QQQ 4 1 43 2.30
QQQ 5 1 43 2.30
QQQ 6 1 45 2.30
QQQ 7 1 43 2.30
QQQ 0 0 45 2.40
QQQ 1 0 39 2.40
QQQ 2 0 49 2.40
QQQ 3 0 46 2.40
QQQ 4 0 46 2.40
QQQ 5 0 46 2.40
QQQ 6 0 46 2.40
QQQ 7 0 44 2.40
QQQ 0 1 43 2.40
QQQ 1 1 44 2.40
QQQ 2 1 44 2.40
QQQ 3 1 39 2.40
QQQ 4 1 43 2.40
QQQ 5 1 44 2.40
QQQ 6 1 46 2.40
QQQ 7 1 44 2.40
QQQ 0 0 45 2.50
QQQ 1 0 41 2.50
QQQ 2 0 48 2.50
QQQ 3 0 46 2.50
QQQ 4 0 45 2.50
QQQ 5 0 46 2.50
QQQ 6 0 46 2.50
QQQ 7 0 45 2.50
QQQ 0 1 43 2.50
QQQ 1 1 44 2.50
QQQ 2 1 45 2.50
QQQ 3 1 40 2.50
QQQ 4 1 43 2.50
QQQ 5 1 44 2.50
QQQ 6 1 46 2.50
QQQ 7 1 44 2.50
QQQ 0 0 45 2.60
QQQ 1 0 40 2.60
QQQ 2 0 48 2.60
QQQ 3 0 45 2.60
QQQ 4 0 45 2.60
QQQ 5 0 46 2.60
QQQ 6 0 46 2.60
QQQ 7 0 44 2.60
QQQ 0 1 43 2.60
QQQ 1 1 44 2.60
QQQ 2 1 45 2.60
QQQ 3 1 40 2.60
QQQ 4 1 44 2.60
QQQ 5 1 44 2.60
QQQ 6 1 46 2.60
QQQ 7 1 44 2.60
QQQ 0 0 45 2.70
QQQ 1 0 40 2.70
QQQ 2 0 48 2.70
QQQ 3 0 45 2.70
QQQ 4 0 45 2.70
QQQ 5 0 47 2.70
QQQ 6 0 47 2.70
QQQ 7 0 44 2.70
QQQ 0 1 43 2.70
QQQ 1 1 44 2.70
QQQ 2 1 45 2.70
QQQ 3 1 40 2.70
QQQ 4 1 44 2.70
QQQ 5 1 44 2.70
QQQ 6 1 46 2.70
QQQ 7 1 44 2.70
QQQ 0 0 45 2.80
QQQ 1 0 40 2.80
QQQ 2 0 49 2.80
QQQ 3 0 46 2.80
QQQ 4 0 45 2.80
QQQ 5 0 47 2.80
QQQ 6 0 47 2.80
QQQ 7 0 44 2.80
QQQ 0 1 44 2.80
QQQ 1 1 44 2.80
QQQ 2 1 45 2.80
QQQ 3 1 41 2.80
QQQ 4 1 44 2.80
QQQ 5 1 44 2.80
QQQ 6 1 46 2.80
QQQ 7 1 44 2.80
QQQ 0 0 45 2.90
QQQ 1 0 41 2.90
QQQ 2 0 49 2.90
QQQ 3 0 45 2.90
QQQ 4 0 45 2.90
QQQ 5 0 48 2.90
QQQ 6 0 47 2.90
QQQ 7 0 45 2.90
QQQ 0 1 44 2.90
QQQ 1 1 44 2.90
QQQ 2 1 45 2.90
QQQ 3 1 41 2.90
QQQ 4 1 44 2.90
QQQ 5 1 44 2.90
QQQ 6 1 46 2.90
QQQ 7 1 44 2.90
QQQ 0 0 45 3.00
QQQ 1 0 41 3.00
QQQ 2 0 49 3.00
QQQ 3 0 46 3.00
QQQ 4 0 45 3.00
QQQ 5 0 47 3.00
QQQ 6 0 47 3.00
QQQ 7 0 45 3.00
QQQ 0 1 44 3.00
QQQ 1 1 44 3.00
QQQ 2 1 45 3.00
QQQ 3 1 40 3.00
QQQ 4 1 44 3.00
QQQ 5 1 44 3.00
QQQ 6 1 46 3.00
QQQ 7 1 45 3.00
QQQ 0 0 45 3.10
QQQ 1 0 41 3.10
QQQ 2 0 50 3.10
QQQ 3 0 46 3.10
QQQ 4 0 45 3.10
QQQ 5 0 47 3.10
QQQ 6 0 48 3.10
QQQ 7 0 45 3.10
QQQ 0 1 44 3.10
QQQ 1 1 44 3.10
QQQ 2 1 45 3.10
QQQ 3 1 40 3.10
QQQ 4 1 44 3.10
QQQ 5 1 45 3.10
QQQ 6 1 46 3.10
QQQ 7 1 45 3.10
QQQ 0 0 46 3.20
QQQ 1 0 41 3.20
QQQ 2 0 49 3.20
QQQ 3 0 47 3.20
QQQ 4 0 46 3.20
QQQ 5 0 47 3.20
QQQ 6 0 47 3.20
QQQ 7 0 45 3.20
QQQ 0 1 44 3.20
QQQ 1 1 44 3.20
QQQ 2 1 45 3.20
QQQ 3 1 41 3.20
QQQ 4 1 44 3.20
QQQ 5 1 44 3.20
QQQ 6 1 45 3.20
QQQ 7 1 45 3.20
QQQ 0 0 46 3.30
QQQ 1 0 41 3.30
QQQ 2 0 49 3.30
QQQ 3 0 46 3.30
QQQ 4 0 46 3.30
QQQ 5 0 47 3.30
QQQ 6 0 47 3.30
QQQ 7 0 45 3.30
QQQ 0 1 44 3.30
QQQ 1 1 44 3.30
QQQ 2 1 46 3.30
QQQ 3 1 40 3.30
QQQ 4 1 44 3.30
QQQ 5 1 44 3.30
QQQ 6 1 46 3.30
QQQ 7 1 44 3.30
QQQ 0 0 45 3.40
QQQ 1 0 40 3.40
QQQ 2 0 50 3.40
QQQ 3 0 47 3.40
QQQ 4 0 46 3.40
QQQ 5 0 47 3.40
QQQ 6 0 47 3.40
QQQ 7 0 45 3.40
QQQ 0 1 44 3.40
QQQ 1 1 45 3.40
QQQ 2 1 46 3.40
QQQ 3 1 41 3.40
QQQ 4 1 44 3.40
QQQ 5 1 45 3.40
QQQ 6 1 47 3.40
QQQ 7 1 44 3.40
QQQ 0 0 45 3.50
QQQ 1 0 41 3.50
QQQ 2 0 50 3.50
QQQ 3 0 47 3.50
QQQ 4 0 46 3.50
QQQ 5 0 47 3.50
QQQ 6 0 48 3.50
QQQ 7 0 45 3.50
QQQ 0 1 44 3.50
QQQ 1 1 44 3.50
QQQ 2 1 45 3.50
QQQ 3 1 41 3.50
QQQ 4 1 44 3.50
QQQ 5 1 45 3.50
QQQ 6 1 47 3.50
QQQ 7 1 45 3.50
QQQ 0 0 46 3.60
QQQ 1 0 42 3.60
QQQ 2 0 49 3.60
QQQ 3 0 47 3.60
QQQ 4 0 46 3.60
QQQ 5 0 47 3.60
QQQ 6 0 48 3.60
QQQ 7 0 46 3.60
QQQ 0 1 44 3.60
QQQ 1 1 45 3.60
QQQ 2 1 46 3.60
QQQ 3 1 40 3.60
QQQ 4 1 44 3.60
QQQ 5 1 45 3.60
QQQ 6 1 47 3.60
QQQ 7 1 45 3.60
QQQ 0 0 45 3.70
QQQ 1 0 41 3.70
QQQ 2 0 50 3.70
QQQ 3 0 47 3.70
QQQ 4 0 46 3.70
QQQ 5 0 48 3.70
QQQ 6 0 48 3.70
QQQ 7 0 45 3.70
QQQ 0 1 45 3.70
QQQ 1 1 45 3.70
QQQ 2 1 46 3.70
QQQ 3 1 41 3.70
QQQ 4 1 44 3.70
QQQ 5 1 44 3.70
QQQ 6 1 46 3.70
QQQ 7 1 46 3.70
QQQ 0 0 45 3.80
QQQ 1 0 42 3.80
QQQ 2 0 50 3.80
QQQ 3 0 47 3.80
QQQ 4 0 46 3.80
QQQ 5 0 47 3.80
QQQ 6 0 48 3.80
QQQ 7 0 46 3.80
QQQ 0 1 44 3.80
QQQ 1 1 44 3.80
QQQ 2 1 46 3.80
QQQ 3 1 41 3.80
QQQ 4 1 44 3.80
QQQ 5 1 45 3.80
QQQ 6 1 47 3.80
QQQ 7 1 45 3.80
QQQ 0 0 45 3.90
QQQ 1 0 42 3.90
QQQ 2 0 50 3.90
QQQ 3 0 47 3.90
QQQ 4 0 47 3.90
QQQ 5 0 48 3.90
QQQ 6 0 48 3.90
QQQ 7 0 45 3.90
QQQ 0 1 45 3.90
QQQ 1 1 45 3.90
QQQ 2 1 46 3.90
QQQ 3 1 41 3.90
QQQ 4 1 44 3.90
QQQ 5 1 45 3.90
QQQ 6 1 46 3.90
QQQ 7 1 45 3.90
QQQ 0 0 45 4.00
QQQ 1 0 42 4.00
QQQ 2 0 50 4.00
QQQ 3 0 47 4.00
QQQ 4 0 47 4.00
QQQ 5 0 48 4.00
QQQ 6 0 48 4.00
QQQ 7 0 46 4.00
QQQ 0 1 45 4.00
QQQ 1 1 45 4.00
QQQ 2 1 46 4.00
QQQ 3 1 41 4.00
QQQ 4 1 44 4.00
QQQ 5 1 45 4.00
QQQ 6 1 47 4.00
QQQ 7 1 46 4.00
QQQ 0 0 46 4.10
QQQ 1 0 42 4.10
QQQ 2 0 50 4.10
QQQ 3 0 47 4.10
QQQ 4 0 47 4.10
QQQ 5 0 48 4.10
QQQ 6 0 49 4.10
QQQ 7 0 45 4.10
QQQ 0 1 44 4.10
QQQ 1 1 45 4.10
QQQ 2 1 46 4.10
QQQ 3 1 41 4.10
QQQ 4 1 44 4.10
QQQ 5 1 45 4.10
QQQ 6 1 47 4.10
QQQ 7 1 45 4.10
QQQ 0 0 45 4.20
QQQ 1 0 41 4.20
QQQ 2 0 50 4.20
QQQ 3 0 47 4.20
QQQ 4 0 47 4.20
QQQ 5 0 48 4.20
QQQ 6 0 48 4.20
QQQ 7 0 47 4.20
QQQ 0 1 44 4.20
QQQ 1 1 45 4.20
QQQ 2 1 47 4.20
QQQ 3 1 41 4.20
QQQ 4 1 44 4.20
QQQ 5 1 45 4.20
QQQ 6 1 47 4.20
QQQ 7 1 46 4.20
QQQ 0 0 46 4.30
QQQ 1 0 42 4.30
QQQ 2 0 50 4.30
QQQ 3 0 47 4.30
QQQ 4 0 47 4.30
QQQ 5 0 49 4.30
QQQ 6 0 49 4.30
QQQ 7 0 46 4.30
QQQ 0 1 44 4.30
QQQ 1 1 46 4.30
QQQ 2 1 46 4.30
QQQ 3 1 41 4.30
QQQ 4 1 44 4.30
QQQ 5 1 45 4.30
QQQ 6 1 47 4.30
QQQ 7 1 46 4.30
QQQ 0 0 46 4.40
QQQ 1 0 41 4.40
QQQ 2 0 50 4.40
QQQ 3 0 47 4.40
QQQ 4 0 47 4.40
QQQ 5 0 48 4.40
QQQ 6 0 49 4.40
QQQ 7 0 46 4.40
QQQ 0 1 45 4.40
QQQ 1 1 46 4.40
QQQ 2 1 46 4.40
QQQ 3 1 41 4.40
QQQ 4 1 45 4.40
QQQ 5 1 45 4.40
QQQ 6 1 48 4.40
QQQ 7 1 45 4.40
QQQ 0 0 46 4.50
QQQ 1 0 42 4.50
QQQ 2 0 51 4.50
QQQ 3 0 48 4.50
QQQ 4 0 47 4.50
QQQ 5 0 48 4.50
QQQ 6 0 49 4.50
QQQ 7 0 47 4.50
QQQ 0 1 45 4.50
QQQ 1 1 45 4.50
QQQ 2 1 46 4.50
QQQ 3 1 41 4.50
QQQ 4 1 44 4.50
QQQ 5 1 46 4.50
QQQ 6 1 47 4.50
QQQ 7 1 45 4.50
QQQ 0 0 46 4.60
QQQ 1 0 42 4.60
QQQ 2 0 51 4.60
QQQ 3 0 47 4.60
QQQ 4 0 47 4.60
QQQ 5 0 49 4.60
QQQ 6 0 49 4.60
QQQ 7 0 47 4.60
QQQ 0 1 45 4.60
QQQ 1 1 45 4.60
QQQ 2 1 47 4.60
QQQ 3 1 42 4.60
QQQ 4 1 44 4.60
QQQ 5 1 46 4.60
QQQ 6 1 47 4.60
QQQ 7 1 46 4.60
QQQ 0 0 47 4.70
QQQ 1 0 42 4.70
QQQ 2 0 50 4.70
QQQ 3 0 48 4.70
QQQ 4 0 47 4.70
QQQ 5 0 49 4.70
QQQ 6 0 48 4.70
QQQ 7 0 46 4.70
QQQ 0 1 45 4.70
QQQ 1 1 45 4.70
QQQ 2 1 47 4.70
QQQ 3 1 41 4.70
QQQ 4 1 45 4.70
QQQ 5 1 45 4.70
QQQ 6 1 48 4.70
QQQ 7 1 45 4.70
QQQ 0 0 47 4.80
QQQ 1 0 42 4.80
QQQ 2 0 50 4.80
QQQ 3 0 48 4.80
QQQ 4 0 47 4.80
QQQ 5 0 48 4.80
QQQ 6 0 49 4.80
QQQ 7 0 46 4.80
QQQ 0 1 44 4.80
QQQ 1 1 46 4.80
QQQ 2 1 47 4.80
QQQ 3 1 41 4.80
QQQ 4 1 44 4.80
QQQ 5 1 46 4.80
QQQ 6 1 48 4.80
QQQ 7 1 46 4.80
QQQ 0 0 46 4.90
QQQ 1 0 42 4.90
QQQ 2 0 51 4.90
QQQ 3 0 47 4.90
QQQ 4 0 47 4.90
QQQ 5 0 49 4.90
QQQ 6 0 48 4.90
QQQ 7 0 46 4.90
QQQ 0 1 46 4.90
QQQ 1 1 45 4.90
QQQ 2 1 47 4.90
QQQ 3 1 41 4.90
QQQ 4 1 44 4.90
QQQ 5 1 46 4.90
QQQ 6 1 48 4.90
QQQ 7 1 46 4.90
QQQ 0 0 47 5.00
QQQ 1 0 42 5.00
QQQ 2 0 51 5.00
QQQ 3 0 48 5.00
QQQ 4 0 48 5.00
QQQ 5 0 49 5.00
QQQ 6 0 49 5.00
QQQ 7 0 47 5.00
QQQ 0 1 45 5.00
QQQ 1 1 45 5.00
QQQ 2 1 47 5.00
QQQ 3 1 42 5.00
QQQ 4 1 44 5.00
QQQ 5 1 46 5.00
QQQ 6 1 47 5.00
QQQ 7 1 46 5.00
QQQ 0 0 46 5.10
QQQ 1 0 42 5.10
QQQ 2 0 51 5.10
QQQ 3 0 48 5.10
QQQ 4 0 47 5.10
QQQ 5 0 48 5.10
QQQ 6 0 49 5.10
QQQ 7 0 47 5.10
QQQ 0 1 45 5.10
QQQ 1 1 45 5.10
QQQ 2 1 48 5.10
QQQ 3 1 42 5.10
QQQ 4 1 45 5.10
QQQ 5 1 46 5.10
QQQ 6 1 48 5.10
QQQ 7 1 46 5.10
QQQ 0 0 47 5.20
QQQ 1 0 42 5.20
QQQ 2 0 51 5.20
QQQ 3 0 48 5.20
QQQ 4 0 48 5.20
QQQ 5 0 49 5.20
QQQ 6 0 49 5.20
QQQ 7 0 47 5.20
QQQ 0 1 45 5.20
QQQ 1 1 45 5.20
QQQ 2 1 47 5.20
QQQ 3 1 42 5.20
QQQ 4 1 44 5.20
QQQ 5 1 47 5.20
QQQ 6 1 48 5.20
QQQ 7 1 46 5.20
QQQ 0 0 46 5.30
QQQ 1 0 42 5.30
QQQ 2 0 50 5.30
QQQ 3 0 48 5.30
QQQ 4 0 48 5.30
QQQ 5 0 49 5.30
QQQ 6 0 49 5.30
QQQ 7 0 46 5.30
QQQ 0 1 45 5.30
QQQ 1 1 46 5.30
QQQ 2 1 47 5.30
QQQ 3 1 42 5.30
QQQ 4 1 44 5.30
QQQ 5 1 46 5.30
QQQ 6 1 47 5.30
QQQ 7 1 46 5.30
QQQ 0 0 47 5.40
QQQ 1 0 42 5.40
QQQ 2 0 50 5.40
QQQ 3 0 48 5.40
QQQ 4 0 47 5.40
QQQ 5 0 48 5.40
QQQ 6 0 48 5.40
QQQ 7 0 47 5.40
QQQ 0 1 45 5.40
QQQ 1 1 46 5.40
QQQ 2 1 47 5.40
QQQ 3 1 43 5.40
QQQ 4 1 44 5.40
QQQ 5 1 45 5.40
QQQ 6 1 47 5.40
QQQ 7 1 46 5.40
QQQ 0 0 47 5.50
QQQ 1 0 43 5.50
QQQ 2 0 50 5.50
QQQ 3 0 49 5.50
QQQ 4 0 47 5.50
QQQ 5 0 49 5.50
QQQ 6 0 49 5.50
QQQ 7 0 47 5.50
QQQ 0 1 45 5.50
QQQ 1 1 46 5.50
QQQ 2 1 47 5.50
QQQ 3 1 42 5.50
QQQ 4 1 44 5.50
QQQ 5 1 46 5.50
QQQ 6 1 48 5.50
QQQ 7 1 47 5.50
QQQ 0 0 47 5.60
QQQ 1 0 43 5.60
QQQ 2 0 51 5.60
QQQ 3 0 47 5.60
QQQ 4 0 48 5.60
QQQ 5 0 48 5.60
QQQ 6 0 48 5.60
QQQ 7 0 47 5.60
QQQ 0 1 45 5.60
QQQ 1 1 46 5.60
QQQ 2 1 47 5.60
QQQ 3 1 43 5.60
QQQ 4 1 45 5.60
QQQ 5 1 46 5.60
QQQ 6 1 48 5.60
QQQ 7 1 46 5.60
QQQ 0 0 46 5.70
QQQ 1 0 43 5.70
QQQ 2 0 51 5.70
QQQ 3 0 48 5.70
QQQ 4 0 48 5.70
QQQ 5 0 49 5.70
QQQ 6 0 49 5.70
QQQ 7 0 47 5.70
QQQ 0 1 46 5.70
QQQ 1 1 46 5.70
QQQ 2 1 47 5.70
QQQ 3 1 43 5.70
QQQ 4 1 45 5.70
QQQ 5 1 46 5.70
QQQ 6 1 48 5.70
QQQ 7 1 47 5.70
QQQ 0 0 46 5.80
QQQ 1 0 42 5.80
QQQ 2 0 52 5.80
QQQ 3 0 49 5.80
QQQ 4 0 48 5.80
QQQ 5 0 49 5.80
QQQ 6 0 49 5.80
QQQ 7 0 47 5.80
QQQ 0 1 45 5.80
QQQ 1 1 46 5.80
QQQ 2 1 47 5.80
QQQ 3 1 43 5.80
QQQ 4 1 45 5.80
QQQ 5 1 46 5.80
QQQ 6 1 48 5.80
QQQ 7 1 46 5.80
QQQ 0 0 47 5.90
QQQ 1 0 43 5.90
QQQ 2 0 52 5.90
QQQ 3 0 48 5.90
QQQ 4 0 48 5.90
QQQ 5 0 49 5.90
QQQ 6 0 49 5.90
QQQ 7 0 47 5.90
QQQ 0 1 46 5.90
QQQ 1 1 47 5.90
QQQ 2 1 48 5.90
QQQ 3 1 43 5.90
QQQ 4 1 45 5.90
QQQ 5 1 47 5.90
QQQ 6 1 49 5.90
QQQ 7 1 47 5.90
QQQ 0 0 46 6.00
QQQ 1 0 43 6.00
QQQ 2 0 52 6.00
QQQ 3 0 49 6.00
QQQ 4 0 48 6.00
QQQ 5 0 49 6.00
QQQ 6 0 49 6.00
QQQ 7 0 47 6.00
QQQ 0 1 45 6.00
QQQ 1 1 46 6.00
QQQ 2 1 47 6.00
QQQ 3 1 43 6.00
QQQ 4 1 45 6.00
QQQ 5 1 47 6.00
QQQ 6 1 48 6.00
QQQ 7 1 46 6.00
QQQ 0 0 46 6.10
QQQ 1 0 43 6.10
QQQ 2 0 52 6.11
QQQ 3 0 49 6.11
QQQ 4 0 47 6.11
QQQ 5 0 49 6.11
QQQ 6 0 49 6.11
QQQ 7 0 46 6.11
QQQ 0 1 46 6.11
QQQ 1 1 46 6.11
QQQ 2 1 47 6.11
QQQ 3 1 42 6.11
QQQ 4 1 45 6.11
QQQ 5 1 47 6.11
QQQ 6 1 48 6.11
QQQ 7 1 46 6.11
QQQ 0 0 47 6.21
QQQ 1 0 43 6.21
QQQ 2 0 51 6.21
QQQ 3 0 49 6.21
QQQ 4 0 48 6.21
QQQ 5 0 49 6.21
QQQ 6 0 49 6.21
QQQ 7 0 47 6.21
QQQ 0 1 45 6.21
QQQ 1 1 46 6.21
QQQ 2 1 48 6.21
QQQ 3 1 43 6.21
QQQ 4 1 45 6.21
QQQ 5 1 47 6.21
QQQ 6 1 48 6.21
QQQ 7 1 47 6.21
QQQ 0 0 47 6.31
QQQ 1 0 43 6.31
QQQ 2 0 52 6.31
QQQ 3 0 48 6.31
QQQ 4 0 48 6.31
QQQ 5 0 49 6.31
QQQ 6 0 49 6.31
QQQ 7 0 47 6.31
QQQ 0 1 46 6.31
QQQ 1 1 46 6.31
QQQ 2 1 47 6.31
QQQ 3 1 43 6.31
QQQ 4 1 45 6.31
QQQ 5 1 47 6.31
QQQ 6 1 48 6.31
QQQ 7 1 47 6.31
QQQ 0 0 47 6.41
QQQ 1 0 43 6.41
QQQ 2 0 51 6.41
QQQ 3 0 49 6.41
QQQ 4 0 48 6.41
QQQ 5 0 49 6.41
QQQ 6 0 50 6.41
QQQ 7 0 47 6.41
QQQ 0 1 46 6.41
QQQ 1 1 47 6.41
QQQ 2 1 48 6.41
QQQ 3 1 43 6.41
QQQ 4 1 45 6.41
QQQ 5 1 47 6.41
QQQ 6 1 49 6.41
QQQ 7 1 46 6.41
QQQ 0 0 46 6.51
QQQ 1 0 43 6.51
QQQ 2 0 52 6.51
QQQ 3 0 48 6.51
QQQ 4 0 48 6.51
QQQ 5 0 49 6.51
QQQ 6 0 50 6.51
QQQ 7 0 47 6.51
QQQ 0 1 46 6.51
QQQ 1 1 47 6.51
QQQ 2 1 48 6.51
QQQ 3 1 44 6.51
QQQ 4 1 45 6.51
QQQ 5 1 47 6.51
QQQ 6 1 49 6.51
QQQ 7 1 47 6.51
QQQ 0 0 47 6.61
QQQ 1 0 43 6.61
QQQ 2 0 51 6.61
QQQ 3 0 48 6.61
QQQ 4 0 48 6.61
QQQ 5 0 50 6.61
QQQ 6 0 49 6.61
QQQ 7 0 47 6.61
QQQ 0 1 46 6.61
QQQ 1 1 47 6.61
QQQ 2 1 48 6.61
QQQ 3 1 43 6.61
QQQ 4 1 45 6.61
QQQ 5 1 47 6.61
QQQ 6 1 49 6.61
QQQ 7 1 47 6.61
QQQ 0 0 47 6.71
QQQ 1 0 44 6.71
QQQ 2 0 52 6.71
QQQ 3 0 49 6.71
QQQ 4 0 47 6.71
QQQ 5 0 49 6.71
QQQ 6 0 50 6.71
QQQ 7 0 47 6.71
QQQ 0 1 46 6.71
QQQ 1 1 47 6.71
QQQ 2 1 48 6.71
QQQ 3 1 43 6.71
QQQ 4 1 45 6.71
QQQ 5 1 46 6.71
QQQ 6 1 49 6.71
QQQ 7 1 47 6.71
QQQ 0 0 48 6.81
QQQ 1 0 43 6.81
QQQ 2 0 52 6.81
QQQ 3 0 49 6.81
QQQ 4 0 48 6.81
QQQ 5 0 50 6.81
QQQ 6 0 50 6.81
QQQ 7 0 47 6.81
QQQ 0 1 46 6.81
QQQ 1 1 47 6.81
QQQ 2 1 48 6.81
QQQ 3 1 43 6.81
QQQ 4 1 45 6.81
QQQ 5 1 46 6.81
QQQ 6 1 48 6.81
QQQ 7 1 47 6.81
QQQ 0 0 47 6.91
QQQ 1 0 43 6.91
QQQ 2 0 52 6.91
QQQ 3 0 49 6.91
QQQ 4 0 48 6.91
QQQ 5 0 50 6.91
QQQ 6 0 49 6.91
QQQ 7 0 47 6.91
QQQ 0 1 46 6.91
QQQ 1 1 47 6.91
QQQ 2 1 48 6.91
QQQ 3 1 44 6.91
QQQ 4 1 45 6.91
QQQ 5 1 48 6.91
QQQ 6 1 49 6.91
QQQ 7 1 47 6.91
QQQ 0 0 47 7.01
QQQ 1 0 44 7.01
QQQ 2 0 52 7.01
QQQ 3 0 49 7.01
QQQ 4 0 48 7.01
QQQ 5 0 50 7.01
QQQ 6 0 50 7.01
QQQ 7 0 48 7.01
QQQ 0 1 46 7.01
QQQ 1 1 47 7.01
QQQ 2 1 47 7.01
QQQ 3 1 44 7.01
QQQ 4 1 45 7.01
QQQ 5 1 47 7.01
QQQ 6 1 48 7.01
QQQ 7 1 47 7.01
QQQ 0 0 48 7.11
QQQ 1 0 43 7.11
QQQ 2 0 52 7.11
QQQ 3 0 49 7.11
QQQ 4 0 49 7.11
QQQ 5 0 49 7.11
QQQ 6 0 50 7.11
QQQ 7 0 48 7.11
QQQ 0 1 47 7.11
QQQ 1 1 48 7.11
QQQ 2 1 48 7.11
QQQ 3 1 44 7.11
QQQ 4 1 46 7.11
QQQ 5 1 47 7.11
QQQ 6 1 49 7.11
QQQ 7 1 47 7.11
QQQ 0 0 47 7.21
QQQ 1 0 43 7.21
QQQ 2 0 52 7.21
QQQ 3 0 50 7.21
QQQ 4 0 49 7.21
QQQ 5 0 50 7.21
QQQ 6 0 50 7.21
QQQ 7 0 47 7.21
QQQ 0 1 46 7.21
QQQ 1 1 47 7.21
QQQ 2 1 48 7.21
QQQ 3 1 43 7.21
QQQ 4 1 46 7.21
QQQ 5 1 47 7.21
QQQ 6 1 49 7.21
QQQ 7 1 46 7.21
QQQ 0 0 47 7.31
QQQ 1 0 44 7.31
QQQ 2 0 52 7.31
QQQ 3 0 49 7.31
QQQ 4 0 49 7.31
QQQ 5 0 49 7.31
QQQ 6 0 50 7.31
QQQ 7 0 48 7.31
QQQ 0 1 46 7.31
QQQ 1 1 47 7.31
QQQ 2 1 48 7.31
QQQ 3 1 44 7.31
QQQ 4 1 45 7.31
QQQ 5 1 47 7.31
QQQ 6 1 48 7.31
QQQ 7 1 47 7.31
QQQ 0 0 48 7.41
QQQ 1 0 44 7.41
QQQ 2 0 52 7.41
QQQ 3 0 49 7.41
QQQ 4 0 49 7.41
QQQ 5 0 49 7.41
QQQ 6 0 50 7.41
QQQ 7 0 48 7.41
QQQ 0 1 46 7.41
QQQ 1 1 47 7.41
QQQ 2 1 48 7.41
QQQ 3 1 42 7.41
QQQ 4 1 46 7.41
QQQ 5 1 48 7.41
QQQ 6 1 49 7.41
QQQ 7 1 47 7.41
QQQ 0 0 48 7.51
QQQ 1 0 43 7.51
QQQ 2 0 51 7.51
QQQ 3 0 49 7.51
QQQ 4 0 49 7.51
QQQ 5 0 49 7.51
QQQ 6 0 50 7.51
QQQ 7 0 48 7.51
QQQ 0 1 47 7.51
QQQ 1 1 48 7.51
QQQ 2 1 48 7.51
QQQ 3 1 44 7.51
QQQ 4 1 46 7.51
QQQ 5 1 47 7.51
QQQ 6 1 49 7.51
QQQ 7 1 47 7.51
QQQ 0 0 48 7.61
QQQ 1 0 43 7.61
QQQ 2 0 52 7.61
QQQ 3 0 49 7.61
QQQ 4 0 50 7.61
QQQ 5 0 50 7.61
QQQ 6 0 50 7.61
QQQ 7 0 48 7.61
QQQ 0 1 47 7.61
QQQ 1 1 48 7.61
QQQ 2 1 49 7.61
QQQ 3 1 44 7.61
QQQ 4 1 46 7.61
QQQ 5 1 48 7.61
QQQ 6 1 48 7.61
QQQ 7 1 47 7.61
QQQ 0 0 49 7.71
QQQ 1 0 43 7.71
QQQ 2 0 51 7.71
QQQ 3 0 49 7.71
QQQ 4 0 49 7.71
QQQ 5 0 50 7.71
QQQ 6 0 50 7.71
QQQ 7 0 48 7.71
QQQ 0 1 46 7.71
QQQ 1 1 47 7.71
QQQ 2 1 48 7.71
QQQ 3 1 44 7.71
QQQ 4 1 46 7.71
QQQ 5 1 47 7.71
QQQ 6 1 49 7.71
QQQ 7 1 47 7.71
QQQ 0 0 47 7.81
QQQ 1 0 43 7.81
QQQ 2 0 52 7.81
QQQ 3 0 50 7.81
QQQ 4 0 50 7.81
QQQ 5 0 50 7.81
QQQ 6 0 50 7.81
QQQ 7 0 47 7.81
QQQ 0 1 47 7.81
QQQ 1 1 48 7.81
QQQ 2 1 48 7.81
QQQ 3 1 44 7.81
QQQ 4 1 45 7.81
QQQ 5 1 48 7.81
QQQ 6 1 49 7.81
QQQ 7 1 48 7.81
QQQ 0 0 48 7.91
QQQ 1 0 44 7.91
QQQ 2 0 52 7.91
QQQ 3 0 50 7.91
QQQ 4 0 48 7.91
QQQ 5 0 50 7.91
QQQ 6 0 50 7.91
QQQ 7 0 48 7.91
QQQ 0 1 46 7.91
QQQ 1 1 47 7.91
QQQ 2 1 49 7.91
QQQ 3 1 44 7.91
QQQ 4 1 46 7.91
QQQ 5 1 47 7.91
QQQ 6 1 49 7.91
QQQ 7 1 47 7.91
QQQ 0 0 48 8.01
QQQ 1 0 44 8.01
QQQ 2 0 53 8.01
QQQ 3 0 50 8.01
QQQ 4 0 49 8.01
QQQ 5 0 50 8.01
QQQ 6 0 50 8.01
QQQ 7 0 49 8.01
QQQ 0 1 47 8.01
QQQ 1 1 47 8.01
QQQ 2 1 48 8.01
QQQ 3 1 43 8.01
QQQ 4 1 46 8.01
QQQ 5 1 48 8.01
QQQ 6 1 49 8.01
QQQ 7 1 47 8.01
QQQ 0 0 48 8.11
QQQ 1 0 44 8.11
QQQ 2 0 51 8.11
QQQ 3 0 50 8.11
QQQ 4 0 49 8.11
QQQ 5 0 50 8.11
QQQ 6 0 50 8.11
QQQ 7 0 48 8.11
QQQ 0 1 47 8.11
QQQ 1 1 48 8.11
QQQ 2 1 48 8.11
QQQ 3 1 44 8.11
QQQ 4 1 46 8.11
QQQ 5 1 47 8.11
QQQ 6 1 49 8.11
QQQ 7 1 47 8.11
QQQ 0 0 48 8.21
QQQ 1 0 44 8.21
QQQ 2 0 52 8.21
QQQ 3 0 49 8.21
QQQ 4 0 49 8.21
QQQ 5 0 51 8.21
QQQ 6 0 50 8.21
QQQ 7 0 49 8.21
QQQ 0 1 46 8.21
QQQ 1 1 48 8.21
QQQ 2 1 49 8.21
QQQ 3 1 45 8.21
QQQ 4 1 47 8.21
QQQ 5 1 47 8.21
QQQ 6 1 49 8.21
QQQ 7 1 47 8.21
QQQ 0 0 49 8.31
QQQ 1 0 44 8.31
QQQ 2 0 52 8.31
QQQ 3 0 49 8.31
QQQ 4 0 49 8.31
QQQ 5 0 51 8.31
QQQ 6 0 50 8.31
QQQ 7 0 48 8.31
QQQ 0 1 47 8.31
QQQ 1 1 48 8.31
QQQ 2 1 49 8.31
QQQ 3 1 44 8.31
QQQ 4 1 46 8.31
QQQ 5 1 47 8.31
QQQ 6 1 49 8.31
QQQ 7 1 47 8.31
QQQ 0 0 49 8.41
QQQ 1 0 44 8.41
QQQ 2 0 53 8.41
QQQ 3 0 49 8.41
QQQ 4 0 49 8.41
QQQ 5 0 50 8.41
QQQ 6 0 50 8.41
QQQ 7 0 49 8.41
QQQ 0 1 46 8.41
QQQ 1 1 48 8.41
QQQ 2 1 49 8.41
QQQ 3 1 44 8.41
QQQ 4 1 46 8.41
QQQ 5 1 48 8.41
QQQ 6 1 48 8.41
QQQ 7 1 47 8.41
QQQ 0 0 48 8.51
QQQ 1 0 44 8.51
QQQ 2 0 53 8.51
QQQ 3 0 50 8.51
QQQ 4 0 49 8.51
QQQ 5 0 50 8.51
QQQ 6 0 50 8.51
QQQ 7 0 49 8.51
QQQ 0 1 46 8.51
QQQ 1 1 47 8.51
QQQ 2 1 49 8.51
QQQ 3 1 44 8.51
QQQ 4 1 47 8.51
QQQ 5 1 48 8.51
QQQ 6 1 50 8.51
QQQ 7 1 47 8.51
QQQ 0 0 48 8.61
QQQ 1 0 44 8.61
QQQ 2 0 52 8.61
QQQ 3 0 50 8.61
QQQ 4 0 49 8.61
QQQ 5 0 50 8.61
QQQ 6 0 50 8.61
QQQ 7 0 49 8.61
QQQ 0 1 47 8.61
QQQ 1 1 48 8.61
QQQ 2 1 49 8.61
QQQ 3 1 45 8.61
QQQ 4 1 46 8.61
QQQ 5 1 48 8.61
QQQ 6 1 50 8.61
QQQ 7 1 47 8.61
QQQ 0 0 48 8.71
QQQ 1 0 44 8.71
QQQ 2 0 52 8.71
QQQ 3 0 50 8.71
QQQ 4 0 49 8.71
QQQ 5 0 50 8.71
QQQ 6 0 50 8.71
QQQ 7 0 49 8.71
QQQ 0 1 46 8.71
QQQ 1 1 48 8.71
QQQ 2 1 49 8.71
QQQ 3 1 44 8.71
QQQ 4 1 46 8.71
QQQ 5 1 48 8.71
QQQ 6 1 49 8.71
QQQ 7 1 47 8.71
QQQ 0 0 49 8.81
QQQ 1 0 43 8.81
QQQ 2 0 53 8.81
QQQ 3 0 50 8.81
QQQ 4 0 49 8.81
QQQ 5 0 50 8.81
QQQ 6 0 50 8.81
QQQ 7 0 50 8.81
QQQ 0 1 47 8.81
QQQ 1 1 48 8.81
QQQ 2 1 49 8.81
QQQ 3 1 44 8.81
QQQ 4 1 47 8.81
QQQ 5 1 48 8.81
QQQ 6 1 49 8.81
QQQ 7 1 48 8.81
QQQ 0 0 49 8.91
QQQ 1 0 44 8.91
QQQ 2 0 52 8.91
QQQ 3 0 51 8.91
QQQ 4 0 50 8.91
QQQ 5 0 50 8.91
QQQ 6 0 50 8.91
QQQ 7 0 49 8.91
QQQ 0 1 47 8.91
QQQ 1 1 48 8.91
QQQ 2 1 48 8.91
QQQ 3 1 44 8.91
QQQ 4 1 46 8.91
QQQ 5 1 48 8.91
QQQ 6 1 49 8.91
QQQ 7 1 49 8.91
QQQ 0 0 49 9.01
QQQ 1 0 44 9.01
QQQ 2 0 53 9.01
QQQ 3 0 50 9.01
QQQ 4 0 50 9.01
QQQ 5 0 50 9.01
QQQ 6 0 51 9.01
QQQ 7 0 49 9.01
QQQ 0 1 47 9.01
QQQ 1 1 48 9.01
QQQ 2 1 48 9.01
QQQ 3 1 44 9.01
QQQ 4 1 47 9.01
QQQ 5 1 49 9.01
QQQ 6 1 49 9.01
QQQ 7 1 49 9.01
QQQ 0 0 48 9.11
QQQ 1 0 45 9.11
QQQ 2 0 53 9.11
QQQ 3 0 51 9.11
QQQ 4 0 50 9.11
QQQ 5 0 51 9.11
QQQ 6 0 51 9.11
QQQ 7 0 49 9.11
QQQ 0 1 47 9.11
QQQ 1 1 47 9.11
QQQ 2 1 48 9.11
QQQ 3 1 45 9.11
QQQ 4 1 46 9.11
QQQ 5 1 48 9.11
QQQ 6 1 50 9.11
QQQ 7 1 48 9.11
QQQ 0 0 49 9.21
QQQ 1 0 44 9.21
QQQ 2 0 53 9.21
QQQ 3 0 50 9.21
QQQ 4 0 50 9.21
QQQ 5 0 50 9.21
QQQ 6 0 51 9.21
QQQ 7 0 49 9.21
QQQ 0 1 47 9.21
QQQ 1 1 48 9.21
QQQ 2 1 49 9.21
QQQ 3 1 45 9.21
QQQ 4 1 47 9.21
QQQ 5 1 48 9.21
QQQ 6 1 50 9.21
QQQ 7 1 48 9.21
QQQ 0 0 48 9.31
QQQ 1 0 45 9.31
QQQ 2 0 53 9.31
QQQ 3 0 51 9.31
QQQ 4 0 49 9.31
QQQ 5 0 50 9.31
QQQ 6 0 50 9.31
QQQ 7 0 49 9.31
QQQ 0 1 47 9.31
QQQ 1 1 48 9.31
QQQ 2 1 50 9.31
QQQ 3 1 44 9.31
QQQ 4 1 46 9.31
QQQ 5 1 47 9.31
QQQ 6 1 49 9.31
QQQ 7 1 48 9.31
QQQ 0 0 49 9.41
QQQ 1 0 44 9.41
QQQ 2 0 53 9.41
QQQ 3 0 51 9.41
QQQ 4 0 50 9.41
QQQ 5 0 51 9.41
QQQ 6 0 51 9.41
QQQ 7 0 49 9.41
QQQ 0 1 47 9.41
QQQ 1 1 48 9.41
QQQ 2 1 50 9.41
QQQ 3 1 45 9.41
QQQ 4 1 47 9.41
QQQ 5 1 48 9.41
QQQ 6 1 49 9.41
QQQ 7 1 48 9.41
QQQ 0 0 48 9.51
QQQ 1 0 44 9.51
QQQ 2 0 53 9.51
QQQ 3 0 50 9.51
QQQ 4 0 50 9.51
QQQ 5 0 51 9.51
QQQ 6 0 51 9.51
QQQ 7 0 49 9.51
QQQ 0 1 47 9.51
QQQ 1 1 47 9.51
QQQ 2 1 49 9.51
QQQ 3 1 44 9.51
QQQ 4 1 47 9.51
QQQ 5 1 49 9.51
QQQ 6 1 50 9.51
QQQ 7 1 49 9.51
QQQ 0 0 48 9.61
QQQ 1 0 44 9.61
QQQ 2 0 53 9.61
QQQ 3 0 51 9.61
QQQ 4 0 50 9.61
QQQ 5 0 51 9.61
QQQ 6 0 51 9.61
QQQ 7 0 49 9.61
QQQ 0 1 47 9.61
QQQ 1 1 48 9.61
QQQ 2 1 50 9.61
QQQ 3 1 45 9.61
QQQ 4 1 46 9.61
QQQ 5 1 49 9.61
QQQ 6 1 51 9.61
QQQ 7 1 48 9.61
QQQ 0 0 49 9.71
QQQ 1 0 44 9.71
QQQ 2 0 53 9.71
QQQ 3 0 50 9.71
QQQ 4 0 50 9.71
QQQ 5 0 50 9.71
QQQ 6 0 50 9.71
QQQ 7 0 49 9.71
QQQ 0 1 47 9.71
QQQ 1 1 48 9.71
QQQ 2 1 49 9.71
QQQ 3 1 44 9.71
QQQ 4 1 46 9.71
QQQ 5 1 48 9.71
QQQ 6 1 49 9.71
QQQ 7 1 48 9.71
QQQ 0 0 49 9.81
QQQ 1 0 44 9.81
QQQ 2 0 53 9.81
QQQ 3 0 50 9.81
QQQ 4 0 50 9.81
QQQ 5 0 51 9.81
QQQ 6 0 50 9.81
QQQ 7 0 50 9.81
QQQ 0 1 47 9.81
QQQ 1 1 48 9.81
QQQ 2 1 49 9.81
QQQ 3 1 45 9.81
QQQ 4 1 47 9.81
QQQ 5 1 48 9.81
QQQ 6 1 51 9.81
QQQ 7 1 48 9.81
QQQ 0 0 49 9.91
QQQ 1 0 44 9.91
QQQ 2 0 52 9.91
QQQ 3 0 50 9.91
QQQ 4 0 50 9.91
QQQ 5 0 51 9.91
QQQ 6 0 51 9.91
QQQ 7 0 50 9.91
QQQ 0 1 47 9.91
QQQ 1 1 48 9.91
QQQ 2 1 49 9.91
QQQ 3 1 44 9.91
QQQ 4 1 47 9.91
QQQ 5 1 49 9.91
QQQ 6 1 50 9.91
QQQ 7 1 48 9.91
QQQ 0 0 49 10.01
QQQ 1 0 44 10.01
QQQ 2 0 54 10.01
QQQ 3 0 50 10.01
QQQ 4 0 50 10.01
QQQ 5 0 51 10.01
QQQ 6 0 50 10.01
QQQ 7 0 49 10.01
QQQ 0 1 47 10.01
QQQ 1 1 48 10.01
QQQ 2 1 50 10.01
QQQ 3 1 45 10.01
QQQ 4 1 46 10.01
QQQ 5 1 48 10.01
QQQ 6 1 50 10.01
QQQ 7 1 48 10.01
QQQ 0 0 49 10.11
QQQ 1 0 44 10.11
QQQ 2 0 52 10.11
QQQ 3 0 50 10.11
QQQ 4 0 50 10.11
QQQ 5 0 51 10.11
QQQ 6 0 50 10.11
QQQ 7 0 50 10.11
QQQ 0 1 47 10.11
QQQ 1 1 48 10.11
QQQ 2 1 49 10.11
QQQ 3 1 45 10.11
QQQ 4 1 47 10.11
QQQ 5 1 48 10.11
QQQ 6 1 49 10.11
QQQ 7 1 48 10.11
QQQ 0 0 48 10.21
QQQ 1 0 45 10.21
QQQ 2 0 53 10.21
QQQ 3 0 50 10.21
QQQ 4 0 50 10.21
QQQ 5 0 51 10.21
QQQ 6 0 51 10.21
QQQ 7 0 50 10.21
QQQ 0 1 47 10.21
QQQ 1 1 48 10.21
QQQ 2 1 50 10.21
QQQ 3 1 45 10.21
QQQ 4 1 47 10.21
QQQ 5 1 49 10.21
QQQ 6 1 50 10.21
QQQ 7 1 48 10.21
QQQ 0 0 49 10.31
QQQ 1 0 45 10.31
QQQ 2 0 53 10.31
QQQ 3 0 50 10.31
QQQ 4 0 50 10.31
QQQ 5 0 50 10.31
QQQ 6 0 51 10.31
QQQ 7 0 49 10.31
QQQ 0 1 47 10.31
QQQ 1 1 48 10.31
QQQ 2 1 49 10.31
QQQ 3 1 45 10.31
QQQ 4 1 47 10.31
QQQ 5 1 49 10.31
QQQ 6 1 50 10.31
QQQ 7 1 48 10.31
QQQ 0 0 49 10.41
QQQ 1 0 44 10.41
QQQ 2 0 52 10.41
QQQ 3 0 51 10.41
QQQ 4 0 50 10.41
QQQ 5 0 51 10.41
QQQ 6 0 50 10.41
QQQ 7 0 50 10.41
QQQ 0 1 48 10.41
QQQ 1 1 48 10.41
QQQ 2 1 50 10.41
QQQ 3 1 45 10.41
QQQ 4 1 47 10.41
QQQ 5 1 48 10.41
QQQ 6 1 51 10.41
QQQ 7 1 48 10.41
QQQ 0 0 49 10.51
QQQ 1 0 45 10.51
QQQ 2 0 54 10.51
QQQ 3 0 51 10.51
QQQ 4 0 50 10.51
QQQ 5 0 51 10.51
QQQ 6 0 51 10.51
QQQ 7 0 50 10.51
QQQ 0 1 48 10.51
QQQ 1 1 48 10.51
QQQ 2 1 50 10.51
QQQ 3 1 45 10.51
QQQ 4 1 47 10.51
QQQ 5 1 49 10.51
QQQ 6 1 51 10.51
QQQ 7 1 48 10.51
QQQ 0 0 49 10.61
QQQ 1 0 45 10.61
QQQ 2 0 53 10.61
QQQ 3 0 51 10.61
QQQ 4 0 50 10.61
QQQ 5 0 51 10.61
QQQ 6 0 51 10.61
QQQ 7 0 51 10.61
QQQ 0 1 48 10.61
QQQ 1 1 49 10.61
QQQ 2 1 50 10.61
QQQ 3 1 45 10.61
QQQ 4 1 47 10.61
QQQ 5 1 49 10.61
QQQ 6 1 50 10.61
QQQ 7 1 49 10.61
QQQ 0 0 49 10.71
QQQ 1 0 45 10.71
QQQ 2 0 54 10.71
QQQ 3 0 51 10.71
QQQ 4 0 50 10.71
QQQ 5 0 51 10.71
QQQ 6 0 51 10.71
QQQ 7 0 50 10.71
QQQ 0 1 48 10.71
QQQ 1 1 49 10.71
QQQ 2 1 50 10.71
QQQ 3 1 44 10.71
QQQ 4 1 47 10.71
QQQ 5 1 49 10.71
QQQ 6 1 50 10.71
QQQ 7 1 48 10.71
QQQ 0 0 49 10.81
QQQ 1 0 45 10.81
QQQ 2 0 54 10.81
QQQ 3 0 51 10.81
QQQ 4 0 50 10.81
QQQ 5 0 51 10.81
QQQ 6 0 51 10.81
QQQ 7 0 50 10.81
QQQ 0 1 48 10.81
QQQ 1 1 49 10.81
QQQ 2 1 50 10.81
QQQ 3 1 45 10.81
QQQ 4 1 47 10.81
QQQ 5 1 48 10.81
QQQ 6 1 50 10.81
QQQ 7 1 48 10.81
QQQ 0 0 49 10.91
QQQ 1 0 45 10.91
QQQ 2 0 54 10.91
QQQ 3 0 51 10.91
QQQ 4 0 50 10.91
QQQ 5 0 50 10.91
QQQ 6 0 52 10.91
QQQ 7 0 50 10.91
QQQ 0 1 47 10.91
QQQ 1 1 49 10.91
QQQ 2 1 50 10.91
QQQ 3 1 45 10.91
QQQ 4 1 47 10.91
QQQ 5 1 49 10.91
QQQ 6 1 50 10.91
QQQ 7 1 49 10.91
QQQ 0 0 50 11.01
QQQ 1 0 45 11.01
QQQ 2 0 53 11.01
QQQ 3 0 51 11.01
QQQ 4 0 51 11.01
QQQ 5 0 51 11.01
QQQ 6 0 52 11.01
QQQ 7 0 50 11.01
QQQ 0 1 47 11.01
QQQ 1 1 50 11.01
QQQ 2 1 50 11.01
QQQ 3 1 45 11.01
QQQ 4 1 46 11.01
QQQ 5 1 49 11.01
QQQ 6 1 50 11.01
QQQ 7 1 49 11.01
QQQ 0 0 50 11.11
QQQ 1 0 45 11.11
QQQ 2 0 54 11.11
QQQ 3 0 51 11.11
QQQ 4 0 51 11.11
QQQ 5 0 51 11.11
QQQ 6 0 51 11.11
QQQ 7 0 50 11.11
QQQ 0 1 47 11.11
QQQ 1 1 49 11.11
QQQ 2 1 50 11.11
QQQ 3 1 45 11.11
QQQ 4 1 48 11.11
QQQ 5 1 48 11.11
QQQ 6 1 51 11.11
QQQ 7 1 49 11.11
QQQ 0 0 49 11.21
QQQ 1 0 45 11.21
QQQ 2 0 53 11.21
QQQ 3 0 52 11.21
QQQ 4 0 51 11.21
QQQ 5 0 51 11.21
QQQ 6 0 51 11.21
QQQ 7 0 50 11.21
QQQ 0 1 48 11.21
QQQ 1 1 49 11.21
QQQ 2 1 50 11.21
QQQ 3 1 45 11.21
QQQ 4 1 47 11.21
QQQ 5 1 49 11.21
QQQ 6 1 51 11.21
QQQ 7 1 48 11.21
QQQ 0 0 49 11.31
QQQ 1 0 45 11.31
QQQ 2 0 54 11.31
QQQ 3 0 51 11.31
QQQ 4 0 51 11.31
QQQ 5 0 52 11.31
QQQ 6 0 52 11.31
QQQ 7 0 50 11.31
QQQ 0 1 48 11.31
QQQ 1 1 49 11.31
QQQ 2 1 50 11.31
QQQ 3 1 45 11.31
QQQ 4 1 47 11.31
QQQ 5 1 49 11.31
QQQ 6 1 50 11.31
QQQ 7 1 48 11.31
QQQ 0 0 50 11.41
QQQ 1 0 45 11.41
QQQ 2 0 54 11.41
QQQ 3 0 52 11.41
QQQ 4 0 52 11.41
QQQ 5 0 51 11.41
QQQ 6 0 51 11.41
QQQ 7 0 50 11.41
QQQ 0 1 49 11.41
QQQ 1 1 49 11.41
QQQ 2 1 50 11.41
QQQ 3 1 45 11.41
QQQ 4 1 47 11.41
QQQ 5 1 49 11.41
QQQ 6 1 51 11.41
QQQ 7 1 49 11.41
QQQ 0 0 50 11.51
QQQ 1 0 45 11.51
QQQ 2 0 54 11.51
QQQ 3 0 52 11.51
QQQ 4 0 51 11.51
QQQ 5 0 51 11.51
QQQ 6 0 51 11.51
QQQ 7 0 50 11.51
QQQ 0 1 48 11.51
QQQ 1 1 49 11.51
QQQ 2 1 50 11.51
QQQ 3 1 45 11.51
QQQ 4 1 47 11.51
QQQ 5 1 49 11.51
QQQ 6 1 51 11.51
QQQ 7 1 48 11.51
QQQ 0 0 50 11.61
QQQ 1 0 45 11.61
QQQ 2 0 54 11.61
QQQ 3 0 52 11.61
QQQ 4 0 51 11.61
QQQ 5 0 51 11.61
QQQ 6 0 51 11.61
QQQ 7 0 50 11.61
QQQ 0 1 49 11.61
QQQ 1 1 49 11.61
QQQ 2 1 50 11.61
QQQ 3 1 45 11.61
QQQ 4 1 47 11.61
QQQ 5 1 49 11.61
QQQ 6 1 51 11.61
QQQ 7 1 49 11.61
QQQ 0 0 50 11.71
QQQ 1 0 45 11.71
QQQ 2 0 54 11.71
QQQ 3 0 51 11.71
QQQ 4 0 51 11.71
QQQ 5 0 51 11.71
QQQ 6 0 52 11.71
QQQ 7 0 50 11.71
QQQ 0 1 48 11.71
QQQ 1 1 50 11.71
QQQ 2 1 51 11.71
QQQ 3 1 45 11.71
QQQ 4 1 48 11.71
QQQ 5 1 49 11.71
QQQ 6 1 51 11.71
QQQ 7 1 48 11.71
QQQ 0 0 50 11.81
QQQ 1 0 45 11.81
QQQ 2 0 54 11.81
QQQ 3 0 52 11.81
QQQ 4 0 51 11.81
QQQ 5 0 52 11.81
QQQ 6 0 52 11.81
QQQ 7 0 51 11.81
QQQ 0 1 49 11.81
QQQ 1 1 50 11.81
QQQ 2 1 51 11.81
QQQ 3 1 45 11.81
QQQ 4 1 48 11.81
QQQ 5 1 50 11.81
QQQ 6 1 52 11.81
QQQ 7 1 48 11.81
QQQ 0 0 50 11.91
QQQ 1 0 45 11.91
QQQ 2 0 54 11.91
QQQ 3 0 51 11.91
QQQ 4 0 51 11.91
QQQ 5 0 51 11.91
QQQ 6 0 52 11.91
QQQ 7 0 51 11.91
QQQ 0 1 49 11.91
QQQ 1 1 50 11.91
QQQ 2 1 50 11.91
QQQ 3 1 46 11.91
QQQ 4 1 49 11.91
QQQ 5 1 49 11.91
QQQ 6 1 51 11.91
QQQ 7 1 49 11.91
QQQ 0 0 50 12.01
QQQ 1 0 45 12.01
QQQ 2 0 54 12.01
QQQ 3 0 51 12.01
QQQ 4 0 51 12.01
QQQ 5 0 51 12.01
QQQ 6 0 51 12.01
QQQ 7 0 49 12.01
QQQ 0 1 48 12.01
QQQ 1 1 50 12.01
QQQ 2 1 50 12.01
QQQ 3 1 46 12.01
QQQ 4 1 48 12.01
QQQ 5 1 50 12.01
QQQ 6 1 51 12.01
QQQ 7 1 49 12.01
QQQ 0 0 51 12.11
QQQ 1 0 45 12.11
QQQ 2 0 54 12.11
QQQ 3 0 52 12.11
QQQ 4 0 51 12.11
QQQ 5 0 52 12.11
QQQ 6 0 52 12.11
QQQ 7 0 51 12.11
QQQ 0 1 48 12.11
QQQ 1 1 50 12.11
QQQ 2 1 50 12.11
QQQ 3 1 46 12.11
QQQ 4 1 47 12.11
QQQ 5 1 49 12.11
QQQ 6 1 52 12.11
QQQ 7 1 49 12.11
QQQ 0 0 50 12.21
QQQ 1 0 45 12.21
QQQ 2 0 54 12.21
QQQ 3 0 51 12.21
QQQ 4 0 52 12.21
QQQ 5 0 52 12.21
QQQ 6 0 52 12.21
QQQ 7 0 51 12.21
QQQ 0 1 48 12.21
QQQ 1 1 50 12.21
QQQ 2 1 50 12.21
QQQ 3 1 46 12.21
QQQ 4 1 47 12.21
QQQ 5 1 49 12.21
QQQ 6 1 51 12.21
QQQ 7 1 48 12.21
QQQ 0 0 50 12.31
QQQ 1 0 46 12.31
QQQ 2 0 54 12.31
QQQ 3 0 51 12.31
QQQ 4 0 51 12.31
QQQ 5 0 51 12.31
QQQ 6 0 52 12.31
QQQ 7 0 51 12.31
QQQ 0 1 49 12.31
QQQ 1 1 50 12.31
QQQ 2 1 50 12.31
QQQ 3 1 45 12.31
QQQ 4 1 48 12.31
QQQ 5 1 49 12.31
QQQ 6 1 50 12.31
QQQ 7 1 49 12.31
QQQ 0 0 50 12.41
QQQ 1 0 45 12.41
QQQ 2 0 54 12.41
QQQ 3 0 52 12.41
QQQ 4 0 51 12.41
QQQ 5 0 51 12.41
QQQ 6 0 52 12.41
QQQ 7 0 51 12.41
QQQ 0 1 48 12.41
QQQ 1 1 49 12.41
QQQ 2 1 50 12.41
QQQ 3 1 46 12.41
QQQ 4 1 48 12.41
QQQ 5 1 50 12.41
QQQ 6 1 52 12.41
QQQ 7 1 49 12.41
QQQ 0 0 50 12.51
QQQ 1 0 45 12.51
QQQ 2 0 54 12.51
QQQ 3 0 52 12.51
QQQ 4 0 51 12.51
QQQ 5 0 52 12.51
QQQ 6 0 52 12.51
QQQ 7 0 50 12.51
QQQ 0 1 48 12.51
QQQ 1 1 49 12.51
QQQ 2 1 51 12.51
QQQ 3 1 46 12.51
QQQ 4 1 48 12.51
QQQ 5 1 50 12.51
QQQ 6 1 51 12.51
QQQ 7 1 49 12.51
QQQ 0 0 51 12.61
QQQ 1 0 45 12.61
QQQ 2 0 54 12.61
QQQ 3 0 52 12.61
QQQ 4 0 52 12.61
QQQ 5 0 53 12.61
QQQ 6 0 52 12.61
QQQ 7 0 51 12.61
QQQ 0 1 49 12.61
QQQ 1 1 49 12.61
QQQ 2 1 50 12.61
QQQ 3 1 45 12.61
QQQ 4 1 48 12.61
QQQ 5 1 49 12.61
QQQ 6 1 52 12.61
QQQ 7 1 49 12.61
QQQ 0 0 51 12.71
QQQ 1 0 45 12.71
QQQ 2 0 54 12.71
QQQ 3 0 51 12.71
QQQ 4 0 52 12.71
QQQ 5 0 53 12.71
QQQ 6 0 52 12.71
QQQ 7 0 51 12.71
QQQ 0 1 49 12.71
QQQ 1 1 49 12.71
QQQ 2 1 50 12.71
QQQ 3 1 45 12.71
QQQ 4 1 48 12.71
QQQ 5 1 50 12.71
QQQ 6 1 52 12.71
QQQ 7 1 49 12.71
QQQ 0 0 50 12.81
QQQ 1 0 45 12.81
QQQ 2 0 54 12.81
QQQ 3 0 52 12.81
QQQ 4 0 51 12.81
QQQ 5 0 52 12.81
QQQ 6 0 52 12.81
QQQ 7 0 50 12.81
QQQ 0 1 49 12.81
QQQ 1 1 50 12.81
QQQ 2 1 51 12.81
QQQ 3 1 47 12.81
QQQ 4 1 48 12.81
QQQ 5 1 49 12.81
QQQ 6 1 52 12.81
QQQ 7 1 49 12.81
QQQ 0 0 49 12.91
QQQ 1 0 45 12.91
QQQ 2 0 54 12.91
QQQ 3 0 52 12.91
QQQ 4 0 52 12.91
QQQ 5 0 52 12.91
QQQ 6 0 52 12.91
QQQ 7 0 51 12.91
QQQ 0 1 50 12.91
QQQ 1 1 50 12.91
QQQ 2 1 50 12.91
QQQ 3 1 46 12.91
QQQ 4 1 48 12.91
QQQ 5 1 50 12.91
QQQ 6 1 51 12.91
QQQ 7 1 50 12.91
QQQ 0 0 51 13.01
QQQ 1 0 45 13.01
QQQ 2 0 54 13.01
QQQ 3 0 52 13.01
QQQ 4 0 52 13.01
QQQ 5 0 52 13.01
QQQ 6 0 51 13.01
QQQ 7 0 51 13.01
QQQ 0 1 48 13.01
QQQ 1 1 50 13.01
QQQ 2 1 51 13.01
QQQ 3 1 45 13.01
QQQ 4 1 48 13.01
QQQ 5 1 50 13.01
QQQ 6 1 51 13.01
QQQ 7 1 50 13.01
QQQ 0 0 50 13.11
QQQ 1 0 45 13.11
QQQ 2 0 54 13.11
QQQ 3 0 53 13.11
QQQ 4 0 52 13.11
QQQ 5 0 52 13.11
QQQ 6 0 52 13.11
QQQ 7 0 51 13.11
QQQ 0 1 49 13.11
QQQ 1 1 50 13.11
QQQ 2 1 51 13.11
QQQ 3 1 46 13.11
QQQ 4 1 49 13.11
QQQ 5 1 50 13.11
QQQ 6 1 52 13.11
QQQ 7 1 49 13.11
QQQ 0 0 51 13.21
QQQ 1 0 45 13.21
QQQ 2 0 55 13.21
QQQ 3 0 52 13.21
QQQ 4 0 52 13.21
QQQ 5 0 52 13.21
QQQ 6 0 53 13.21
QQQ 7 0 51 13.21
QQQ 0 1 49 13.21
QQQ 1 1 50 13.21
QQQ 2 1 51 13.21
QQQ 3 1 46 13.21
QQQ 4 1 49 13.21
QQQ 5 1 50 13.21
QQQ 6 1 52 13.21
QQQ 7 1 49 13.21
QQQ 0 0 50 13.31
QQQ 1 0 45 13.31
QQQ 2 0 55 13.31
QQQ 3 0 52 13.31
QQQ 4 0 52 13.31
QQQ 5 0 52 13.31
QQQ 6 0 53 13.31
QQQ 7 0 51 13.31
QQQ 0 1 48 13.31
QQQ 1 1 50 13.31
QQQ 2 1 51 13.31
QQQ 3 1 46 13.31
QQQ 4 1 48 13.31
QQQ 5 1 49 13.31
QQQ 6 1 51 13.31
QQQ 7 1 50 13.31
QQQ 0 0 50 13.41
QQQ 1 0 45 13.41
QQQ 2 0 55 13.41
QQQ 3 0 52 13.41
QQQ 4 0 52 13.41
QQQ 5 0 52 13.41
QQQ 6 0 53 13.41
QQQ 7 0 51 13.41
QQQ 0 1 49 13.41
QQQ 1 1 50 13.41
QQQ 2 1 51 13.41
QQQ 3 1 46 13.41
QQQ 4 1 48 13.41
QQQ 5 1 50 13.41
QQQ 6 1 51 13.41
QQQ 7 1 49 13.41
QQQ 0 0 51 13.51
QQQ 1 0 46 13.51
QQQ 2 0 56 13.51
QQQ 3 0 52 13.51
QQQ 4 0 52 13.51
QQQ 5 0 53 13.51
QQQ 6 0 53 13.51
QQQ 7 0 51 13.51
QQQ 0 1 49 13.51
QQQ 1 1 50 13.51
QQQ 2 1 51 13.51
QQQ 3 1 46 13.51
QQQ 4 1 48 13.51
QQQ 5 1 50 13.51
QQQ 6 1 52 13.51
QQQ 7 1 49 13.51
QQQ 0 0 51 13.61
QQQ 1 0 45 13.61
QQQ 2 0 55 13.61
QQQ 3 0 53 13.61
QQQ 4 0 52 13.61
QQQ 5 0 53 13.61
QQQ 6 0 52 13.61
QQQ 7 0 51 13.61
QQQ 0 1 49 13.61
QQQ 1 1 50 13.61
QQQ 2 1 51 13.61
QQQ 3 1 46 13.61
QQQ 4 1 48 13.61
QQQ 5 1 50 13.61
QQQ 6 1 52 13.61
QQQ 7 1 50 13.61
QQQ 0 0 51 13.71
QQQ 1 0 46 13.71
QQQ 2 0 55 13.71
QQQ 3 0 53 13.71
QQQ 4 0 52 13.71
QQQ 5 0 52 13.71
QQQ 6 0 53 13.71
QQQ 7 0 51 13.71
QQQ 0 1 49 13.71
QQQ 1 1 51 13.71
QQQ 2 1 51 13.71
QQQ 3 1 46 13.71
QQQ 4 1 49 13.71
QQQ 5 1 49 13.71
QQQ 6 1 53 13.71
QQQ 7 1 49 13.71
QQQ 0 0 51 13.81
QQQ 1 0 46 13.81
QQQ 2 0 55 13.81
QQQ 3 0 53 13.81
QQQ 4 0 52 13.81
QQQ 5 0 52 13.81
QQQ 6 0 53 13.81
QQQ 7 0 51 13.81
QQQ 0 1 49 13.81
QQQ 1 1 51 13.81
QQQ 2 1 51 13.81
QQQ 3 1 46 13.81
QQQ 4 1 48 13.81
QQQ 5 1 50 13.81
QQQ 6 1 53 13.81
QQQ 7 1 50 13.81
QQQ 0 0 51 13.91
QQQ 1 0 45 13.91
QQQ 2 0 55 13.91
QQQ 3 0 52 13.91
QQQ 4 0 53 13.91
QQQ 5 0 53 13.91
QQQ 6 0 52 13.91
QQQ 7 0 51 13.91
QQQ 0 1 49 13.91
QQQ 1 1 50 13.91
QQQ 2 1 51 13.91
QQQ 3 1 46 13.91
QQQ 4 1 48 13.91
QQQ 5 1 50 13.91
QQQ 6 1 52 13.91
QQQ 7 1 50 13.91
QQQ 0 0 51 14.01
QQQ 1 0 46 14.01
QQQ 2 0 55 14.01
QQQ 3 0 53 14.01
QQQ 4 0 53 14.01
QQQ 5 0 53 14.01
QQQ 6 0 52 14.01
QQQ 7 0 51 14.01
QQQ 0 1 50 14.01
QQQ 1 1 50 14.01
QQQ 2 1 51 14.01
QQQ 3 1 46 14.01
QQQ 4 1 48 14.01
QQQ 5 1 50 14.01
QQQ 6 1 52 14.01
QQQ 7 1 50 14.01
QQQ 0 0 51 14.11
QQQ 1 0 46 14.11
QQQ 2 0 55 14.11
QQQ 3 0 53 14.11
QQQ 4 0 53 14.11
QQQ 5 0 53 14.11
QQQ 6 0 53 14.11
QQQ 7 0 50 14.11
QQQ 0 1 49 14.11
QQQ 1 1 50 14.11
QQQ 2 1 51 14.11
QQQ 3 1 47 14.11
QQQ 4 1 49 14.11
QQQ 5 1 50 14.11
QQQ 6 1 52 14.11
QQQ 7 1 50 14.11
QQQ 0 0 51 14.21
QQQ 1 0 46 14.21
QQQ 2 0 56 14.21
QQQ 3 0 53 14.21
QQQ 4 0 53 14.21
QQQ 5 0 53 14.21
QQQ 6 0 52 14.21
QQQ 7 0 50 14.21
QQQ 0 1 49 14.21
QQQ 1 1 50 14.21
QQQ 2 1 51 14.21
QQQ 3 1 46 14.21
QQQ 4 1 49 14.21
QQQ 5 1 50 14.21
QQQ 6 1 52 14.21
QQQ 7 1 50 14.21
QQQ 0 0 51 14.31
QQQ 1 0 45 14.31
QQQ 2 0 55 14.31
QQQ 3 0 53 14.31
QQQ 4 0 53 14.31
QQQ 5 0 52 14.31
QQQ 6 0 53 14.31
QQQ 7 0 51 14.31
QQQ 0 1 49 14.31
QQQ 1 1 50 14.31
QQQ 2 1 51 14.31
QQQ 3 1 46 14.31
QQQ 4 1 48 14.31
QQQ 5 1 50 14.31
QQQ 6 1 53 14.31
QQQ 7 1 50 14.31
QQQ 0 0 51 14.41
QQQ 1 0 45 14.41
QQQ 2 0 56 14.41
QQQ 3 0 53 14.41
QQQ 4 0 53 14.41
QQQ 5 0 52 14.41
QQQ 6 0 53 14.41
QQQ 7 0 51 14.41
QQQ 0 1 50 14.41
QQQ 1 1 51 14.41
QQQ 2 1 51 14.41
QQQ 3 1 46 14.41
QQQ 4 1 49 14.41
QQQ 5 1 50 14.41
QQQ 6 1 52 14.41
QQQ 7 1 50 14.41
QQQ 0 0 52 14.51
QQQ 1 0 45 14.51
QQQ 2 0 55 14.51
QQQ 3 0 53 14.51
QQQ 4 0 53 14.51
QQQ 5 0 53 14.51
QQQ 6 0 53 14.51
QQQ 7 0 51 14.51
QQQ 0 1 49 14.51
QQQ 1 1 51 14.51
QQQ 2 1 51 14.51
QQQ 3 1 46 14.51
QQQ 4 1 48 14.51
QQQ 5 1 51 14.51
QQQ 6 1 53 14.51
QQQ 7 1 50 14.51
QQQ 0 0 51 14.61
QQQ 1 0 46 14.61
QQQ 2 0 56 14.61
QQQ 3 0 52 14.61
QQQ 4 0 53 14.61
QQQ 5 0 52 14.61
QQQ 6 0 53 14.61
QQQ 7 0 51 14.61
QQQ 0 1 50 14.61
QQQ 1 1 50 14.61
QQQ 2 1 51 14.61
QQQ 3 1 47 14.61
QQQ 4 1 48 14.61
QQQ 5 1 50 14.61
QQQ 6 1 52 14.61
QQQ 7 1 50 14.61
QQQ 0 0 51 14.71
QQQ 1 0 46 14.71
QQQ 2 0 56 14.71
QQQ 3 0 53 14.71
QQQ 4 0 53 14.71
QQQ 5 0 53 14.71
QQQ 6 0 52 14.71
QQQ 7 0 51 14.71
QQQ 0 1 49 14.71
QQQ 1 1 51 14.71
QQQ 2 1 51 14.71
QQQ 3 1 47 14.71
QQQ 4 1 48 14.71
QQQ 5 1 50 14.71
QQQ 6 1 52 14.71
QQQ 7 1 51 14.71
QQQ 0 0 50 14.81
QQQ 1 0 46 14.81
QQQ 2 0 56 14.81
QQQ 3 0 53 14.81
QQQ 4 0 52 14.81
QQQ 5 0 52 14.81
QQQ 6 0 53 14.81
QQQ 7 0 52 14.81
QQQ 0 1 50 14.81
QQQ 1 1 51 14.81
QQQ 2 1 51 14.81
QQQ 3 1 47 14.81
QQQ 4 1 48 14.81
QQQ 5 1 50 14.81
QQQ 6 1 53 14.81
QQQ 7 1 50 14.81
QQQ 0 0 51 14.91
QQQ 1 0 46 14.91
QQQ 2 0 56 14.91
QQQ 3 0 53 14.91
QQQ 4 0 53 14.91
QQQ 5 0 53 14.91
QQQ 6 0 53 14.91
QQQ 7 0 51 14.91
QQQ 0 1 50 14.91
QQQ 1 1 51 14.91
QQQ 2 1 51 14.91
QQQ 3 1 47 14.91
QQQ 4 1 48 14.91
QQQ 5 1 50 14.91
QQQ 6 1 53 14.91
QQQ 7 1 50 14.91
QQQ 0 0 51 15.01
QQQ 1 0 46 15.01
QQQ 2 0 55 15.01
QQQ 3 0 54 15.01
QQQ 4 0 53 15.01
QQQ 5 0 52 15.01
QQQ 6 0 53 15.01
QQQ 7 0 52 15.01
QQQ 0 1 50 15.01
QQQ 1 1 51 15.01
QQQ 2 1 51 15.01
QQQ 3 1 48 15.01
QQQ 4 1 49 15.01
QQQ 5 1 51 15.01
QQQ 6 1 52 15.01
QQQ 7 1 50 15.01
QQQ 0 0 51 15.11
QQQ 1 0 46 15.11
QQQ 2 0 55 15.11
QQQ 3 0 53 15.11
QQQ 4 0 53 15.11
QQQ 5 0 53 15.11
QQQ 6 0 53 15.11
QQQ 7 0 52 15.11
QQQ 0 1 49 15.11
QQQ 1 1 51 15.11
QQQ 2 1 51 15.11
QQQ 3 1 48 15.11
QQQ 4 1 48 15.11
QQQ 5 1 51 15.11
QQQ 6 1 52 15.11
QQQ 7 1 50 15.11
QQQ 0 0 52 15.21
QQQ 1 0 46 15.21
QQQ 2 0 55 15.21
QQQ 3 0 53 15.21
QQQ 4 0 53 15.21
QQQ 5 0 52 15.21
QQQ 6 0 53 15.21
QQQ 7 0 52 15.21
QQQ 0 1 50 15.21
QQQ 1 1 52 15.21
QQQ 2 1 51 15.21
QQQ 3 1 47 15.21
QQQ 4 1 49 15.21
QQQ 5 1 51 15.21
QQQ 6 1 52 15.21
QQQ 7 1 50 15.21
QQQ 0 0 52 15.31
QQQ 1 0 46 15.31
QQQ 2 0 56 15.31
QQQ 3 0 53 15.31
QQQ 4 0 52 15.31
QQQ 5 0 52 15.31
QQQ 6 0 53 15.31
QQQ 7 0 52 15.31
QQQ 0 1 50 15.31
QQQ 1 1 51 15.31
QQQ 2 1 51 15.31
QQQ 3 1 48 15.31
QQQ 4 1 49 15.31
QQQ 5 1 50 15.31
QQQ 6 1 53 15.31
QQQ 7 1 51 15.31
QQQ 0 0 52 15.41
QQQ 1 0 46 15.41
QQQ 2 0 56 15.41
QQQ 3 0 53 15.41
QQQ 4 0 53 15.41
QQQ 5 0 54 15.41
QQQ 6 0 53 15.41
QQQ 7 0 52 15.41
QQQ 0 1 50 15.41
QQQ 1 1 50 15.41
QQQ 2 1 52 15.41
QQQ 3 1 47 15.41
QQQ 4 1 49 15.41
QQQ 5 1 50 15.41
QQQ 6 1 53 15.41
QQQ 7 1 50 15.41
QQQ 0 0 52 15.51
QQQ 1 0 46 15.51
QQQ 2 0 56 15.51
QQQ 3 0 54 15.51
QQQ 4 0 53 15.51
QQQ 5 0 53 15.51
QQQ 6 0 54 15.51
QQQ 7 0 52 15.51
QQQ 0 1 50 15.51
QQQ 1 1 50 15.51
QQQ 2 1 52 15.51
QQQ 3 1 47 15.51
QQQ 4 1 49 15.51
QQQ 5 1 51 15.51
QQQ 6 1 52 15.51
QQQ 7 1 51 15.51
QQQ 0 0 51 15.61
QQQ 1 0 46 15.61
QQQ 2 0 56 15.61
QQQ 3 0 54 15.61
QQQ 4 0 53 15.61
QQQ 5 0 53 15.61
QQQ 6 0 54 15.61
QQQ 7 0 53 15.61
QQQ 0 1 51 15.61
QQQ 1 1 50 15.61
QQQ 2 1 52 15.61
QQQ 3 1 47 15.61
QQQ 4 1 49 15.61
QQQ 5 1 51 15.61
QQQ 6 1 53 15.61
QQQ 7 1 50 15.61
QQQ 0 0 52 15.71
QQQ 1 0 46 15.71
QQQ 2 0 56 15.71
QQQ 3 0 53 15.71
QQQ 4 0 53 15.71
QQQ 5 0 54 15.71
QQQ 6 0 54 15.71
QQQ 7 0 52 15.71
QQQ 0 1 50 15.71
QQQ 1 1 50 15.71
QQQ 2 1 52 15.71
QQQ 3 1 47 15.71
QQQ 4 1 49 15.71
QQQ 5 1 50 15.71
QQQ 6 1 52 15.71
QQQ 7 1 51 15.71
QQQ 0 0 53 15.81
QQQ 1 0 46 15.81
QQQ 2 0 56 15.81
QQQ 3 0 53 15.81
QQQ 4 0 53 15.81
QQQ 5 0 54 15.81
QQQ 6 0 54 15.81
QQQ 7 0 52 15.81
QQQ 0 1 49 15.81
QQQ 1 1 51 15.81
QQQ 2 1 52 15.81
QQQ 3 1 47 15.81
QQQ 4 1 49 15.81
QQQ 5 1 50 15.81
QQQ 6 1 53 15.81
QQQ 7 1 50 15.81
QQQ 0 0 53 15.91
QQQ 1 0 47 15.91
QQQ 2 0 56 15.91
QQQ 3 0 53 15.91
QQQ 4 0 53 15.91
QQQ 5 0 54 15.91
QQQ 6 0 54 15.91
QQQ 7 0 52 15.91
QQQ 0 1 50 15.91
QQQ 1 1 51 15.91
QQQ 2 1 52 15.91
QQQ 3 1 47 15.91
QQQ 4 1 49 15.91
QQQ 5 1 51 15.91
QQQ 6 1 53 15.91
QQQ 7 1 50 15.91
QQQ 0 0 52 16.01
QQQ 1 0 46 16.01
QQQ 2 0 56 16.01
QQQ 3 0 53 16.01
QQQ 4 0 53 16.01
QQQ 5 0 53 16.01
QQQ 6 0 54 16.01
QQQ 7 0 52 16.01
QQQ 0 1 50 16.01
QQQ 1 1 51 16.01
QQQ 2 1 51 16.01
QQQ 3 1 48 16.01
QQQ 4 1 50 16.01
QQQ 5 1 51 16.01
QQQ 6 1 53 16.01
QQQ 7 1 50 16.01
QQQ 0 0 51 16.11
QQQ 1 0 46 16.11
QQQ 2 0 56 16.11
QQQ 3 0 54 16.11
QQQ 4 0 54 16.11
QQQ 5 0 53 16.11
QQQ 6 0 53 16.11
QQQ 7 0 53 16.11
QQQ 0 1 51 16.11
QQQ 1 1 51 16.11
QQQ 2 1 52 16.11
QQQ 3 1 47 16.11
QQQ 4 1 50 16.11
QQQ 5 1 50 16.11
QQQ 6 1 53 16.11
QQQ 7 1 50 16.11
QQQ 0 0 51 16.21
QQQ 1 0 46 16.21
QQQ 2 0 56 16.21
QQQ 3 0 53 16.21
QQQ 4 0 53 16.21
QQQ 5 0 54 16.21
QQQ 6 0 54 16.21
QQQ 7 0 53 16.21
QQQ 0 1 50 16.21
QQQ 1 1 52 16.21
QQQ 2 1 52 16.21
QQQ 3 1 48 16.21
QQQ 4 1 50 16.21
QQQ 5 1 51 16.21
QQQ 6 1 53 16.21
QQQ 7 1 51 16.21
QQQ 0 0 52 16.31
QQQ 1 0 46 16.31
QQQ 2 0 56 16.31
QQQ 3 0 53 16.31
QQQ 4 0 53 16.31
QQQ 5 0 53 16.31
QQQ 6 0 54 16.31
QQQ 7 0 52 16.31
QQQ 0 1 50 16.31
QQQ 1 1 51 16.31
QQQ 2 1 52 16.31
QQQ 3 1 48 16.31
QQQ 4 1 50 16.31
QQQ 5 1 50 16.31
QQQ 6 1 53 16.31
QQQ 7 1 50 16.31
QQQ 0 0 52 16.41
QQQ 1 0 47 16.41
QQQ 2 0 56 16.41
QQQ 3 0 54 16.41
QQQ 4 0 53 16.41
QQQ 5 0 53 16.41
QQQ 6 0 54 16.41
QQQ 7 0 52 16.41
QQQ 0 1 50 16.41
QQQ 1 1 51 16.41
QQQ 2 1 52 16.41
QQQ 3 1 48 16.41
QQQ 4 1 49 16.41
QQQ 5 1 51 16.41
QQQ 6 1 53 16.41
QQQ 7 1 51 16.41
QQQ 0 0 52 16.51
QQQ 1 0 47 16.51
QQQ 2 0 56 16.51
QQQ 3 0 54 16.51
QQQ 4 0 54 16.51
QQQ 5 0 53 16.51
QQQ 6 0 54 16.51
QQQ 7 0 52 16.51
QQQ 0 1 50 16.51
QQQ 1 1 51 16.51
QQQ 2 1 51 16.51
QQQ 3 1 47 16.51
QQQ 4 1 50 16.51
QQQ 5 1 50 16.51
QQQ 6 1 53 16.51
QQQ 7 1 50 16.51
QQQ 0 0 51 16.61
QQQ 1 0 47 16.61
QQQ 2 0 56 16.61
QQQ 3 0 54 16.61
QQQ 4 0 54 16.61
QQQ 5 0 54 16.61
QQQ 6 0 55 16.61
QQQ 7 0 53 16.61
QQQ 0 1 50 16.61
QQQ 1 1 52 16.61
QQQ 2 1 51 16.61
QQQ 3 1 47 16.61
QQQ 4 1 50 16.61
QQQ 5 1 51 16.61
QQQ 6 1 53 16.61
QQQ 7 1 51 16.61
QQQ 0 0 52 16.71
QQQ 1 0 46 16.71
QQQ 2 0 57 16.71
QQQ 3 0 54 16.71
QQQ 4 0 54 16.71
QQQ 5 0 54 16.71
QQQ 6 0 55 16.71
QQQ 7 0 53 16.71
QQQ 0 1 50 16.71
QQQ 1 1 52 16.71
QQQ 2 1 52 16.71
QQQ 3 1 48 16.71
QQQ 4 1 50 16.71
QQQ 5 1 51 16.71
QQQ 6 1 52 16.71
QQQ 7 1 50 16.71
QQQ 0 0 52 16.81
QQQ 1 0 47 16.81
QQQ 2 0 56 16.81
QQQ 3 0 54 16.81
QQQ 4 0 54 16.81
QQQ 5 0 54 16.81
QQQ 6 0 54 16.81
QQQ 7 0 53 16.81
QQQ 0 1 50 16.81
QQQ 1 1 51 16.81
QQQ 2 1 51 16.81
QQQ 3 1 48 16.81
QQQ 4 1 50 16.81
QQQ 5 1 51 16.81
QQQ 6 1 53 16.81
QQQ 7 1 50 16.81
QQQ 0 0 52 16.91
QQQ 1 0 47 16.91
QQQ 2 0 56 16.91
QQQ 3 0 53 16.91
QQQ 4 0 54 16.91
QQQ 5 0 54 16.91
QQQ 6 0 55 16.91
QQQ 7 0 52 16.91
QQQ 0 1 50 16.91
QQQ 1 1 50 16.91
QQQ 2 1 52 16.91
QQQ 3 1 48 16.91
QQQ 4 1 50 16.91
QQQ 5 1 51 16.91
QQQ 6 1 53 16.91
QQQ 7 1 50 16.91
QQQ 0 0 52 17.01
QQQ 1 0 47 17.01
QQQ 2 0 56 17.01
QQQ 3 0 54 17.01
QQQ 4 0 54 17.01
QQQ 5 0 54 17.01
QQQ 6 0 54 17.01
QQQ 7 0 52 17.01
QQQ 0 1 50 17.01
QQQ 1 1 50 17.01
QQQ 2 1 52 17.01
QQQ 3 1 48 17.01
QQQ 4 1 50 17.01
QQQ 5 1 50 17.01
QQQ 6 1 53 17.01
QQQ 7 1 50 17.01
QQQ 0 0 52 17.11
QQQ 1 0 46 17.11
QQQ 2 0 56 17.11
QQQ 3 0 54 17.11
QQQ 4 0 54 17.11
QQQ 5 0 54 17.11
QQQ 6 0 55 17.11
QQQ 7 0 52 17.11
QQQ 0 1 51 17.11
QQQ 1 1 51 17.11
QQQ 2 1 52 17.11
QQQ 3 1 48 17.11
QQQ 4 1 50 17.11
QQQ 5 1 51 17.11
QQQ 6 1 53 17.11
QQQ 7 1 51 17.11
QQQ 0 0 52 17.21
QQQ 1 0 46 17.21
QQQ 2 0 56 17.21
QQQ 3 0 53 17.21
QQQ 4 0 54 17.21
QQQ 5 0 54 17.21
QQQ 6 0 55 17.21
QQQ 7 0 53 17.21
QQQ 0 1 50 17.21
QQQ 1 1 51 17.21
QQQ 2 1 52 17.21
QQQ 3 1 47 17.21
QQQ 4 1 50 17.21
QQQ 5 1 51 17.21
QQQ 6 1 53 17.21
QQQ 7 1 51 17.21
QQQ 0 0 53 17.31
QQQ 1 0 47 17.31
QQQ 2 0 57 17.31
QQQ 3 0 53 17.31
QQQ 4 0 54 17.31
QQQ 5 0 55 17.31
QQQ 6 0 55 17.31
QQQ 7 0 52 17.31
QQQ 0 1 50 17.31
QQQ 1 1 52 17.31
QQQ 2 1 52 17.31
QQQ 3 1 48 17.31
QQQ 4 1 51 17.31
QQQ 5 1 51 17.31
QQQ 6 1 54 17.31
QQQ 7 1 51 17.31
QQQ 0 0 52 17.41
QQQ 1 0 47 17.41
QQQ 2 0 56 17.41
QQQ 3 0 53 17.41
QQQ 4 0 54 17.41
QQQ 5 0 54 17.41
QQQ 6 0 54 17.41
QQQ 7 0 52 17.41
QQQ 0 1 51 17.41
QQQ 1 1 52 17.41
QQQ 2 1 52 17.41
QQQ 3 1 48 17.41
QQQ 4 1 50 17.41
QQQ 5 1 51 17.41
QQQ 6 1 54 17.41
QQQ 7 1 50 17.41
QQQ 0 0 52 17.51
QQQ 1 0 47 17.51
QQQ 2 0 57 17.51
QQQ 3 0 53 17.51
QQQ 4 0 54 17.51
QQQ 5 0 55 17.51
QQQ 6 0 55 17.51
QQQ 7 0 52 17.51
QQQ 0 1 51 17.51
QQQ 1 1 51 17.51
QQQ 2 1 52 17.51
QQQ 3 1 48 17.51
QQQ 4 1 50 17.51
QQQ 5 1 51 17.51
QQQ 6 1 54 17.51
QQQ 7 1 51 17.51
QQQ 0 0 52 17.61
QQQ 1 0 47 17.61
QQQ 2 0 57 17.61
QQQ 3 0 54 17.61
QQQ 4 0 54 17.61
QQQ 5 0 54 17.61
QQQ 6 0 54 17.61
QQQ 7 0 53 17.61
QQQ 0 1 51 17.61
QQQ 1 1 51 17.61
QQQ 2 1 52 17.61
QQQ 3 1 47 17.61
QQQ 4 1 50 17.61
QQQ 5 1 52 17.61
QQQ 6 1 53 17.61
QQQ 7 1 50 17.61
QQQ 0 0 52 17.71
QQQ 1 0 47 17.71
QQQ 2 0 56 17.71
QQQ 3 0 54 17.71
QQQ 4 0 54 17.71
QQQ 5 0 54 17.71
QQQ 6 0 55 17.71
QQQ 7 0 52 17.71
QQQ 0 1 50 17.71
QQQ 1 1 51 17.71
QQQ 2 1 51 17.71
QQQ 3 1 48 17.71
QQQ 4 1 51 17.71
QQQ 5 1 51 17.71
QQQ 6 1 53 17.71
QQQ 7 1 50 17.71
QQQ 0 0 52 17.81
QQQ 1 0 47 17.81
QQQ 2 0 57 17.81
QQQ 3 0 53 17.81
QQQ 4 0 54 17.81
QQQ 5 0 54 17.81
QQQ 6 0 54 17.81
QQQ 7 0 53 17.81
QQQ 0 1 50 17.81
QQQ 1 1 51 17.81
QQQ 2 1 52 17.81
QQQ 3 1 48 17.81
QQQ 4 1 51 17.81
QQQ 5 1 51 17.81
QQQ 6 1 52 17.81
QQQ 7 1 50 17.81
QQQ 0 0 52 17.91
QQQ 1 0 47 17.91
QQQ 2 0 56 17.91
QQQ 3 0 55 17.91
QQQ 4 0 54 17.91
QQQ 5 0 54 17.91
QQQ 6 0 54 17.91
QQQ 7 0 52 17.91
QQQ 0 1 50 17.91
QQQ 1 1 51 17.91
QQQ 2 1 52 17.91
QQQ 3 1 48 17.91
QQQ 4 1 50 17.91
QQQ 5 1 51 17.91
QQQ 6 1 53 17.91
QQQ 7 1 50 17.91
QQQ 0 0 53 18.01
QQQ 1 0 47 18.01
QQQ 2 0 57 18.01
QQQ 3 0 54 18.01
QQQ 4 0 54 18.01
QQQ 5 0 54 18.01
QQQ 6 0 54 18.01
QQQ 7 0 53 18.01
QQQ 0 1 51 18.01
QQQ 1 1 52 18.01
QQQ 2 1 52 18.01
QQQ 3 1 48 18.01
QQQ 4 1 50 18.01
QQQ 5 1 51 18.01
QQQ 6 1 53 18.01
QQQ 7 1 50 18.01
QQQ 0 0 52 18.11
QQQ 1 0 47 18.11
QQQ 2 0 56 18.12
QQQ 3 0 55 18.12
QQQ 4 0 54 18.12
QQQ 5 0 54 18.12
QQQ 6 0 55 18.12
QQQ 7 0 53 18.12
QQQ 0 1 50 18.12
QQQ 1 1 51 18.12
QQQ 2 1 52 18.12
QQQ 3 1 48 18.12
QQQ 4 1 50 18.12
QQQ 5 1 51 18.12
QQQ 6 1 53 18.12
QQQ 7 1 51 18.12
QQQ 0 0 52 18.22
QQQ 1 0 47 18.22
QQQ 2 0 56 18.22
QQQ 3 0 54 18.22
QQQ 4 0 54 18.22
QQQ 5 0 55 18.22
QQQ 6 0 55 18.22
QQQ 7 0 53 18.22
QQQ 0 1 51 18.22
QQQ 1 1 51 18.22
QQQ 2 1 52 18.22
QQQ 3 1 48 18.22
QQQ 4 1 50 18.22
QQQ 5 1 52 18.22
QQQ 6 1 53 18.22
QQQ 7 1 51 18.22
QQQ 0 0 52 18.32
QQQ 1 0 46 18.32
QQQ 2 0 57 18.32
QQQ 3 0 54 18.32
QQQ 4 0 54 18.32
QQQ 5 0 55 18.32
QQQ 6 0 55 18.32
QQQ 7 0 54 18.32
QQQ 0 1 50 18.32
QQQ 1 1 52 18.32
QQQ 2 1 52 18.32
QQQ 3 1 48 18.32
QQQ 4 1 51 18.32
QQQ 5 1 52 18.32
QQQ 6 1 54 18.32
QQQ 7 1 51 18.32
QQQ 0 0 52 18.42
QQQ 1 0 47 18.42
QQQ 2 0 56 18.42
QQQ 3 0 55 18.42
QQQ 4 0 54 18.42
QQQ 5 0 55 18.42
QQQ 6 0 55 18.42
QQQ 7 0 54 18.42
QQQ 0 1 51 18.42
QQQ 1 1 52 18.42
QQQ 2 1 52 18.42
QQQ 3 1 48 18.42
QQQ 4 1 51 18.42
QQQ 5 1 52 18.42
QQQ 6 1 53 18.42
QQQ 7 1 51 18.42
QQQ 0 0 52 18.52
QQQ 1 0 47 18.52
QQQ 2 0 56 18.52
QQQ 3 0 54 18.52
QQQ 4 0 54 18.52
QQQ 5 0 54 18.52
QQQ 6 0 56 18.52
QQQ 7 0 53 18.52
QQQ 0 1 51 18.52
QQQ 1 1 52 18.52
QQQ 2 1 52 18.52
QQQ 3 1 49 18.52
QQQ 4 1 50 18.52
QQQ 5 1 52 18.52
QQQ 6 1 53 18.52
QQQ 7 1 50 18.52
QQQ 0 0 52 18.62
QQQ 1 0 47 18.62
QQQ 2 0 57 18.62
QQQ 3 0 54 18.62
QQQ 4 0 55 18.62
QQQ 5 0 54 18.62
QQQ 6 0 55 18.62
QQQ 7 0 52 18.62
QQQ 0 1 51 18.62
QQQ 1 1 52 18.62
QQQ 2 1 52 18.62
QQQ 3 1 48 18.62
QQQ 4 1 51 18.62
QQQ 5 1 52 18.62
QQQ 6 1 53 18.62
QQQ 7 1 51 18.62
QQQ 0 0 52 18.72
QQQ 1 0 47 18.72
QQQ 2 0 56 18.72
QQQ 3 0 54 18.72
QQQ 4 0 55 18.72
QQQ 5 0 55 18.72
QQQ 6 0 55 18.72
QQQ 7 0 54 18.72
QQQ 0 1 51 18.72
QQQ 1 1 52 18.72
QQQ 2 1 52 18.72
QQQ 3 1 49 18.72
QQQ 4 1 51 18.72
QQQ 5 1 51 18.72
QQQ 6 1 53 18.72
QQQ 7 1 51 18.72
QQQ 0 0 52 18.82
QQQ 1 0 47 18.82
QQQ 2 0 56 18.82
QQQ 3 0 54 18.82
QQQ 4 0 54 18.82
QQQ 5 0 55 18.82
QQQ 6 0 55 18.82
QQQ 7 0 53 18.82
QQQ 0 1 51 18.82
QQQ 1 1 53 18.82
QQQ 2 1 53 18.82
QQQ 3 1 48 18.82
QQQ 4 1 50 18.82
QQQ 5 1 52 18.82
QQQ 6 1 53 18.82
QQQ 7 1 51 18.82
QQQ 0 0 53 18.92
QQQ 1 0 47 18.92
QQQ 2 0 57 18.92
QQQ 3 0 55 18.92
QQQ 4 0 54 18.92
QQQ 5 0 55 18.92
QQQ 6 0 55 18.92
QQQ 7 0 54 18.92
QQQ 0 1 51 18.92
QQQ 1 1 52 18.92
QQQ 2 1 52 18.92
QQQ 3 1 48 18.92
QQQ 4 1 51 18.92
QQQ 5 1 52 18.92
QQQ 6 1 54 18.92
QQQ 7 1 51 18.92
QQQ 0 0 53 19.02
QQQ 1 0 47 19.02
QQQ 2 0 57 19.02
QQQ 3 0 55 19.02
QQQ 4 0 54 19.02
QQQ 5 0 55 19.02
QQQ 6 0 55 19.02
QQQ 7 0 53 19.02
QQQ 0 1 51 19.02
QQQ 1 1 51 19.02
QQQ 2 1 53 19.02
QQQ 3 1 48 19.02
QQQ 4 1 50 19.02
QQQ 5 1 52 19.02
QQQ 6 1 53 19.02
QQQ 7 1 51 19.02
QQQ 0 0 52 19.12
QQQ 1 0 47 19.12
QQQ 2 0 57 19.12
QQQ 3 0 54 19.12
QQQ 4 0 55 19.12
QQQ 5 0 55 19.12
QQQ 6 0 54 19.12
QQQ 7 0 54 19.12
QQQ 0 1 52 19.12
QQQ 1 1 52 19.12
QQQ 2 1 53 19.12
QQQ 3 1 49 19.12
QQQ 4 1 50 19.12
QQQ 5 1 52 19.12
QQQ 6 1 53 19.12
QQQ 7 1 51 19.12
QQQ 0 0 53 19.22
QQQ 1 0 47 19.22
QQQ 2 0 56 19.22
QQQ 3 0 55 19.22
QQQ 4 0 55 19.22
QQQ 5 0 55 19.22
QQQ 6 0 55 19.22
QQQ 7 0 53 19.22
QQQ 0 1 50 19.22
QQQ 1 1 52 19.22
QQQ 2 1 52 19.22
QQQ 3 1 48 19.22
QQQ 4 1 51 19.22
QQQ 5 1 52 19.22
QQQ 6 1 54 19.22
QQQ 7 1 51 19.22
QQQ 0 0 53 19.32
QQQ 1 0 47 19.32
QQQ 2 0 57 19.32
QQQ 3 0 54 19.32
QQQ 4 0 54 19.32
QQQ 5 0 54 19.32
QQQ 6 0 56 19.32
QQQ 7 0 54 19.32
QQQ 0 1 51 19.32
QQQ 1 1 52 19.32
QQQ 2 1 52 19.32
QQQ 3 1 48 19.32
QQQ 4 1 51 19.32
QQQ 5 1 52 19.32
QQQ 6 1 53 19.32
QQQ 7 1 51 19.32
QQQ 0 0 53 19.42
QQQ 1 0 47 19.42
QQQ 2 0 57 19.42
QQQ 3 0 55 19.42
QQQ 4 0 55 19.42
QQQ 5 0 55 19.42
QQQ 6 0 55 19.42
QQQ 7 0 54 19.42
QQQ 0 1 51 19.42
QQQ 1 1 52 19.42
QQQ 2 1 53 19.42
QQQ 3 1 48 19.42
QQQ 4 1 50 19.42
QQQ 5 1 52 19.42
QQQ 6 1 53 19.42
QQQ 7 1 51 19.42
QQQ 0 0 53 19.52
QQQ 1 0 48 19.52
QQQ 2 0 56 19.52
QQQ 3 0 54 19.52
QQQ 4 0 54 19.52
QQQ 5 0 55 19.52
QQQ 6 0 55 19.52
QQQ 7 0 54 19.52
QQQ 0 1 52 19.52
QQQ 1 1 52 19.52
QQQ 2 1 53 19.52
QQQ 3 1 48 19.52
QQQ 4 1 51 19.52
QQQ 5 1 51 19.52
QQQ 6 1 53 19.52
QQQ 7 1 51 19.52
QQQ 0 0 53 19.62
QQQ 1 0 48 19.62
QQQ 2 0 58 19.62
QQQ 3 0 55 19.62
QQQ 4 0 54 19.62
QQQ 5 0 55 19.62
QQQ 6 0 55 19.62
QQQ 7 0 53 19.62
QQQ 0 1 51 19.62
QQQ 1 1 52 19.62
QQQ 2 1 53 19.62
QQQ 3 1 49 19.62
QQQ 4 1 51 19.62
QQQ 5 1 52 19.62
QQQ 6 1 53 19.62
QQQ 7 1 52 19.62
QQQ 0 0 53 19.72
QQQ 1 0 47 19.72
QQQ 2 0 56 19.72
QQQ 3 0 55 19.72
QQQ 4 0 55 19.72
QQQ 5 0 55 19.72
QQQ 6 0 56 19.72
QQQ 7 0 53 19.72
QQQ 0 1 51 19.72
QQQ 1 1 53 19.72
QQQ 2 1 52 19.72
QQQ 3 1 48 19.72
QQQ 4 1 50 19.72
QQQ 5 1 52 19.72
QQQ 6 1 53 19.72
QQQ 7 1 51 19.72
QQQ 0 0 53 19.82
QQQ 1 0 48 19.82
QQQ 2 0 57 19.82
QQQ 3 0 55 19.82
QQQ 4 0 54 19.82
QQQ 5 0 55 19.82
QQQ 6 0 55 19.82
QQQ 7 0 53 19.82
QQQ 0 1 52 19.82
QQQ 1 1 53 19.82
QQQ 2 1 53 19.82
QQQ 3 1 48 19.82
QQQ 4 1 50 19.82
QQQ 5 1 52 19.82
QQQ 6 1 53 19.82
QQQ 7 1 51 19.82
QQQ 0 0 53 19.92
QQQ 1 0 48 19.92
QQQ 2 0 56 19.92
QQQ 3 0 54 19.92
QQQ 4 0 54 19.92
QQQ 5 0 55 19.92
QQQ 6 0 55 19.92
QQQ 7 0 53 19.92
QQQ 0 1 51 19.92
QQQ 1 1 52 19.92
QQQ 2 1 52 19.92
QQQ 3 1 49 19.92
QQQ 4 1 50 19.92
QQQ 5 1 52 19.92
QQQ 6 1 53 19.92
QQQ 7 1 51 19.92
QQQ 0 0 53 20.02
QQQ 1 0 48 20.02
QQQ 2 0 57 20.02
QQQ 3 0 55 20.02
QQQ 4 0 55 20.02
QQQ 5 0 55 20.02
QQQ 6 0 55 20.02
QQQ 7 0 53 20.02
QQQ 0 1 51 20.02
QQQ 1 1 52 20.02
QQQ 2 1 53 20.02
QQQ 3 1 49 20.02
QQQ 4 1 51 20.02
QQQ 5 1 52 20.02
QQQ 6 1 54 20.02
QQQ 7 1 51 20.02
QQQ 0 0 54 20.12
QQQ 1 0 48 20.12
QQQ 2 0 57 20.12
QQQ 3 0 55 20.12
QQQ 4 0 54 20.12
QQQ 5 0 56 20.12
QQQ 6 0 56 20.12
QQQ 7 0 53 20.12
QQQ 0 1 51 20.12
QQQ 1 1 52 20.12
QQQ 2 1 52 20.12
QQQ 3 1 49 20.12
QQQ 4 1 50 20.12
QQQ 5 1 52 20.12
QQQ 6 1 54 20.12
QQQ 7 1 51 20.12
QQQ 0 0 53 20.22
QQQ 1 0 48 20.22
QQQ 2 0 58 20.22
QQQ 3 0 55 20.22
QQQ 4 0 55 20.22
QQQ 5 0 55 20.22
QQQ 6 0 55 20.22
QQQ 7 0 54 20.22
QQQ 0 1 51 20.22
QQQ 1 1 52 20.22
QQQ 2 1 52 20.22
QQQ 3 1 49 20.22
QQQ 4 1 50 20.22
QQQ 5 1 53 20.22
QQQ 6 1 54 20.22
QQQ 7 1 51 20.22
QQQ 0 0 53 20.32
QQQ 1 0 48 20.32
QQQ 2 0 57 20.32
QQQ 3 0 55 20.32
QQQ 4 0 55 20.32
QQQ 5 0 55 20.32
QQQ 6 0 56 20.32
QQQ 7 0 53 20.32
QQQ 0 1 51 20.32
QQQ 1 1 52 20.32
QQQ 2 1 53 20.32
QQQ 3 1 48 20.32
QQQ 4 1 50 20.32
QQQ 5 1 53 20.32
QQQ 6 1 53 20.32
QQQ 7 1 51 20.32
QQQ 0 0 54 20.42
QQQ 1 0 48 20.42
QQQ 2 0 57 20.42
QQQ 3 0 55 20.42
QQQ 4 0 55 20.42
QQQ 5 0 55 20.42
QQQ 6 0 55 20.42
QQQ 7 0 53 20.42
QQQ 0 1 51 20.42
QQQ 1 1 52 20.42
QQQ 2 1 52 20.42
QQQ 3 1 49 20.42
QQQ 4 1 50 20.42
QQQ 5 1 52 20.42
QQQ 6 1 54 20.42
QQQ 7 1 51 20.42
QQQ 0 0 54 20.52
QQQ 1 0 49 20.52
QQQ 2 0 57 20.52
QQQ 3 0 55 20.52
QQQ 4 0 55 20.52
QQQ 5 0 54 20.52
QQQ 6 0 55 20.52
QQQ 7 0 53 20.52
QQQ 0 1 52 20.52
QQQ 1 1 53 20.52
QQQ 2 1 53 20.52
QQQ 3 1 49 20.52
QQQ 4 1 50 20.52
QQQ 5 1 52 20.52
QQQ 6 1 53 20.52
QQQ 7 1 51 20.52
QQQ 0 0 54 20.62
QQQ 1 0 49 20.62
QQQ 2 0 57 20.62
QQQ 3 0 54 20.62
QQQ 4 0 55 20.62
QQQ 5 0 55 20.62
QQQ 6 0 55 20.62
QQQ 7 0 54 20.62
QQQ 0 1 51 20.62
QQQ 1 1 52 20.62
QQQ 2 1 52 20.62
QQQ 3 1 49 20.62
QQQ 4 1 50 20.62
QQQ 5 1 52 20.62
QQQ 6 1 54 20.62
QQQ 7 1 51 20.62
QQQ 0 0 54 20.72
QQQ 1 0 48 20.72
QQQ 2 0 57 20.72
QQQ 3 0 54 20.72
QQQ 4 0 55 20.72
QQQ 5 0 55 20.72
QQQ 6 0 55 20.72
QQQ 7 0 53 20.72
QQQ 0 1 51 20.72
QQQ 1 1 52 20.72
QQQ 2 1 52 20.72
QQQ 3 1 49 20.72
QQQ 4 1 50 20.72
QQQ 5 1 52 20.72
QQQ 6 1 54 20.72
QQQ 7 1 51 20.72
QQQ 0 0 53 20.82
QQQ 1 0 48 20.82
QQQ 2 0 57 20.82
QQQ 3 0 55 20.82
QQQ 4 0 54 20.82
QQQ 5 0 56 20.82
QQQ 6 0 56 20.82
QQQ 7 0 53 20.82
QQQ 0 1 51 20.82
QQQ 1 1 52 20.82
QQQ 2 1 52 20.82
QQQ 3 1 49 20.82
QQQ 4 1 51 20.82
QQQ 5 1 52 20.82
QQQ 6 1 53 20.82
QQQ 7 1 51 20.82
QQQ 0 0 54 20.92
QQQ 1 0 49 20.92
QQQ 2 0 57 20.92
QQQ 3 0 55 20.92
QQQ 4 0 55 20.92
QQQ 5 0 55 20.92
QQQ 6 0 56 20.92
QQQ 7 0 54 20.92
QQQ 0 1 51 20.92
QQQ 1 1 52 20.92
QQQ 2 1 53 20.92
QQQ 3 1 49 20.92
QQQ 4 1 50 20.92
QQQ 5 1 52 20.92
QQQ 6 1 53 20.92
QQQ 7 1 51 20.92
QQQ 0 0 53 21.02
QQQ 1 0 48 21.02
QQQ 2 0 57 21.02
QQQ 3 0 55 21.02
QQQ 4 0 55 21.02
QQQ 5 0 56 21.02
QQQ 6 0 56 21.02
QQQ 7 0 54 21.02
QQQ 0 1 51 21.02
QQQ 1 1 53 21.02
QQQ 2 1 53 21.02
QQQ 3 1 49 21.02
QQQ 4 1 51 21.02
QQQ 5 1 52 21.02
QQQ 6 1 53 21.02
QQQ 7 1 52 21.02
QQQ 0 0 53 21.12
QQQ 1 0 48 21.12
QQQ 2 0 58 21.12
QQQ 3 0 55 21.12
QQQ 4 0 55 21.12
QQQ 5 0 56 21.12
QQQ 6 0 56 21.12
QQQ 7 0 54 21.12
QQQ 0 1 51 21.12
QQQ 1 1 53 21.12
QQQ 2 1 53 21.12
QQQ 3 1 49 21.12
QQQ 4 1 50 21.12
QQQ 5 1 52 21.12
QQQ 6 1 54 21.12
QQQ 7 1 52 21.12
QQQ 0 0 53 21.22
QQQ 1 0 48 21.22
QQQ 2 0 58 21.22
QQQ 3 0 55 21.22
QQQ 4 0 54 21.22
QQQ 5 0 55 21.22
QQQ 6 0 55 21.22
QQQ 7 0 54 21.22
QQQ 0 1 52 21.22
QQQ 1 1 53 21.22
QQQ 2 1 53 21.22
QQQ 3 1 49 21.22
QQQ 4 1 51 21.22
QQQ 5 1 52 21.22
QQQ 6 1 54 21.22
QQQ 7 1 52 21.22
QQQ 0 0 54 21.32
QQQ 1 0 48 21.32
QQQ 2 0 58 21.32
QQQ 3 0 55 21.32
QQQ 4 0 55 21.32
QQQ 5 0 56 21.32
QQQ 6 0 55 21.32
QQQ 7 0 53 21.32
QQQ 0 1 51 21.32
QQQ 1 1 53 21.32
QQQ 2 1 52 21.32
QQQ 3 1 49 21.32
QQQ 4 1 51 21.32
QQQ 5 1 51 21.32
QQQ 6 1 54 21.32
QQQ 7 1 52 21.32
QQQ 0 0 53 21.42
QQQ 1 0 49 21.42
QQQ 2 0 58 21.42
QQQ 3 0 55 21.42
QQQ 4 0 55 21.42
QQQ 5 0 55 21.42
QQQ 6 0 56 21.42
QQQ 7 0 54 21.42
QQQ 0 1 51 21.42
QQQ 1 1 53 21.42
QQQ 2 1 53 21.42
QQQ 3 1 49 21.42
QQQ 4 1 51 21.42
QQQ 5 1 52 21.42
QQQ 6 1 54 21.42
QQQ 7 1 52 21.42
QQQ 0 0 53 21.52
QQQ 1 0 48 21.52
QQQ 2 0 58 21.52
QQQ 3 0 55 21.52
QQQ 4 0 55 21.52
QQQ 5 0 55 21.52
QQQ 6 0 56 21.52
QQQ 7 0 54 21.52
QQQ 0 1 52 21.52
QQQ 1 1 53 21.52
QQQ 2 1 53 21.52
QQQ 3 1 49 21.52
QQQ 4 1 51 21.52
QQQ 5 1 53 21.52
QQQ 6 1 54 21.52
QQQ 7 1 52 21.52
QQQ 0 0 53 21.62
QQQ 1 0 48 21.62
QQQ 2 0 58 21.62
QQQ 3 0 55 21.62
QQQ 4 0 55 21.62
QQQ 5 0 56 21.62
QQQ 6 0 55 21.62
QQQ 7 0 53 21.62
QQQ 0 1 52 21.62
QQQ 1 1 52 21.62
QQQ 2 1 53 21.62
QQQ 3 1 48 21.62
QQQ 4 1 50 21.62
QQQ 5 1 52 21.62
QQQ 6 1 54 21.62
QQQ 7 1 52 21.62
QQQ 0 0 53 21.72
QQQ 1 0 49 21.72
QQQ 2 0 58 21.72
QQQ 3 0 55 21.72
QQQ 4 0 55 21.72
QQQ 5 0 56 21.72
QQQ 6 0 55 21.72
QQQ 7 0 54 21.72
QQQ 0 1 52 21.72
QQQ 1 1 52 21.72
QQQ 2 1 54 21.72
QQQ 3 1 49 21.72
QQQ 4 1 51 21.72
QQQ 5 1 52 21.72
QQQ 6 1 53 21.72
QQQ 7 1 51 21.72
QQQ 0 0 54 21.82
QQQ 1 0 49 21.82
QQQ 2 0 58 21.82
QQQ 3 0 55 21.82
QQQ 4 0 55 21.82
QQQ 5 0 55 21.82
QQQ 6 0 55 21.82
QQQ 7 0 54 21.82
QQQ 0 1 52 21.82
QQQ 1 1 53 21.82
QQQ 2 1 54 21.82
QQQ 3 1 49 21.82
QQQ 4 1 50 21.82
QQQ 5 1 52 21.82
QQQ 6 1 53 21.82
QQQ 7 1 52 21.82
QQQ 0 0 54 21.92
QQQ 1 0 49 21.92
QQQ 2 0 58 21.92
QQQ 3 0 55 21.92
QQQ 4 0 55 21.92
QQQ 5 0 55 21.92
QQQ 6 0 55 21.92
QQQ 7 0 54 21.92
QQQ 0 1 52 21.92
QQQ 1 1 52 21.92
QQQ 2 1 53 21.92
QQQ 3 1 49 21.92
QQQ 4 1 51 21.92
QQQ 5 1 52 21.92
QQQ 6 1 54 21.92
QQQ 7 1 52 21.92
QQQ 0 0 54 22.02
QQQ 1 0 48 22.02
QQQ 2 0 58 22.02
QQQ 3 0 55 22.02
QQQ 4 0 55 22.02
QQQ 5 0 56 22.02
QQQ 6 0 56 22.02
QQQ 7 0 54 22.02
QQQ 0 1 52 22.02
QQQ 1 1 52 22.02
QQQ 2 1 53 22.02
QQQ 3 1 49 22.02
QQQ 4 1 51 22.02
QQQ 5 1 53 22.02
QQQ 6 1 54 22.02
QQQ 7 1 51 22.02
QQQ 0 0 54 22.12
QQQ 1 0 49 22.12
QQQ 2 0 58 22.12
QQQ 3 0 55 22.12
QQQ 4 0 55 22.12
QQQ 5 0 55 22.12
QQQ 6 0 55 22.12
QQQ 7 0 54 22.12
QQQ 0 1 52 22.12
QQQ 1 1 52 22.12
QQQ 2 1 53 22.12
QQQ 3 1 49 22.12
QQQ 4 1 51 22.12
QQQ 5 1 52 22.12
QQQ 6 1 54 22.12
QQQ 7 1 51 22.12
QQQ 0 0 54 22.22
QQQ 1 0 48 22.22
QQQ 2 0 59 22.22
QQQ 3 0 54 22.22
QQQ 4 0 55 22.22
QQQ 5 0 55 22.22
QQQ 6 0 56 22.22
QQQ 7 0 54 22.22
QQQ 0 1 52 22.22
QQQ 1 1 53 22.22
QQQ 2 1 53 22.22
QQQ 3 1 49 22.22
QQQ 4 1 52 22.22
QQQ 5 1 52 22.22
QQQ 6 1 54 22.22
QQQ 7 1 51 22.22
QQQ 0 0 53 22.32
QQQ 1 0 49 22.32
QQQ 2 0 58 22.32
QQQ 3 0 55 22.32
QQQ 4 0 56 22.32
QQQ 5 0 55 22.32
QQQ 6 0 56 22.32
QQQ 7 0 54 22.32
QQQ 0 1 53 22.32
QQQ 1 1 52 22.32
QQQ 2 1 53 22.32
QQQ 3 1 49 22.32
QQQ 4 1 51 22.32
QQQ 5 1 53 22.32
QQQ 6 1 54 22.32
QQQ 7 1 52 22.32
QQQ 0 0 54 22.42
QQQ 1 0 48 22.42
QQQ 2 0 58 22.42
QQQ 3 0 55 22.42
QQQ 4 0 56 22.42
QQQ 5 0 56 22.42
QQQ 6 0 56 22.42
QQQ 7 0 55 22.42
QQQ 0 1 52 22.42
QQQ 1 1 53 22.42
QQQ 2 1 53 22.42
QQQ 3 1 49 22.42
QQQ 4 1 51 22.42
QQQ 5 1 53 22.42
QQQ 6 1 53 22.42
QQQ 7 1 52 22.42
QQQ 0 0 54 22.52
QQQ 1 0 49 22.52
QQQ 2 0 59 22.52
QQQ 3 0 55 22.52
QQQ 4 0 55 22.52
QQQ 5 0 56 22.52
QQQ 6 0 56 22.52
QQQ 7 0 54 22.52
QQQ 0 1 52 22.52
QQQ 1 1 53 22.52
QQQ 2 1 53 22.52
QQQ 3 1 49 22.52
QQQ 4 1 51 22.52
QQQ 5 1 53 22.52
QQQ 6 1 54 22.52
QQQ 7 1 52 22.52
QQQ 0 0 54 22.62
QQQ 1 0 48 22.62
QQQ 2 0 58 22.62
QQQ 3 0 55 22.62
QQQ 4 0 56 22.62
QQQ 5 0 56 22.62
QQQ 6 0 56 22.62
QQQ 7 0 55 22.62
QQQ 0 1 52 22.62
QQQ 1 1 52 22.62
QQQ 2 1 53 22.62
QQQ 3 1 49 22.62
QQQ 4 1 51 22.62
QQQ 5 1 53 22.62
QQQ 6 1 54 22.62
QQQ 7 1 51 22.62
QQQ 0 0 55 22.72
QQQ 1 0 49 22.72
QQQ 2 0 58 22.72
QQQ 3 0 55 22.72
QQQ 4 0 55 22.72
QQQ 5 0 56 22.72
QQQ 6 0 57 22.72
QQQ 7 0 55 22.72
QQQ 0 1 53 22.72
QQQ 1 1 53 22.72
QQQ 2 1 54 22.72
QQQ 3 1 49 22.72
QQQ 4 1 52 22.72
QQQ 5 1 52 22.72
QQQ 6 1 54 22.72
QQQ 7 1 52 22.72
QQQ 0 0 54 22.82
QQQ 1 0 49 22.82
QQQ 2 0 59 22.82
QQQ 3 0 55 22.82
QQQ 4 0 55 22.82
QQQ 5 0 56 22.82
QQQ 6 0 57 22.82
QQQ 7 0 54 22.82
QQQ 0 1 52 22.82
QQQ 1 1 53 22.82
QQQ 2 1 54 22.82
QQQ 3 1 49 22.82
QQQ 4 1 51 22.82
QQQ 5 1 53 22.82
QQQ 6 1 54 22.82
QQQ 7 1 53 22.82
QQQ 0 0 54 22.92
QQQ 1 0 49 22.92
QQQ 2 0 58 22.92
QQQ 3 0 55 22.92
QQQ 4 0 56 22.92
QQQ 5 0 56 22.92
QQQ 6 0 57 22.92
QQQ 7 0 54 22.92
QQQ 0 1 52 22.92
QQQ 1 1 53 22.92
QQQ 2 1 53 22.92
QQQ 3 1 49 22.92
QQQ 4 1 51 22.92
QQQ 5 1 53 22.92
QQQ 6 1 55 22.92
QQQ 7 1 52 22.92
QQQ 0 0 55 23.02
QQQ 1 0 49 23.02
QQQ 2 0 59 23.02
QQQ 3 0 55 23.02
QQQ 4 0 56 23.02
QQQ 5 0 55 23.02
QQQ 6 0 57 23.02
QQQ 7 0 54 23.02
QQQ 0 1 52 23.02
QQQ 1 1 53 23.02
QQQ 2 1 54 23.02
QQQ 3 1 50 23.02
QQQ 4 1 52 23.02
QQQ 5 1 53 23.02
QQQ 6 1 55 23.02
QQQ 7 1 52 23.02
QQQ 0 0 54 23.12
QQQ 1 0 49 23.12
QQQ 2 0 59 23.12
QQQ 3 0 55 23.12
QQQ 4 0 56 23.12
QQQ 5 0 55 23.12
QQQ 6 0 56 23.12
QQQ 7 0 55 23.12
QQQ 0 1 52 23.12
QQQ 1 1 53 23.12
QQQ 2 1 53 23.12
QQQ 3 1 49 23.12
QQQ 4 1 52 23.12
QQQ 5 1 53 23.12
QQQ 6 1 54 23.12
QQQ 7 1 52 23.12
QQQ 0 0 53 23.22
QQQ 1 0 49 23.22
QQQ 2 0 58 23.22
QQQ 3 0 56 23.22
QQQ 4 0 56 23.22
QQQ 5 0 57 23.22
QQQ 6 0 56 23.22
QQQ 7 0 55 23.22
QQQ 0 1 53 23.22
QQQ 1 1 54 23.22
QQQ 2 1 53 23.22
QQQ 3 1 50 23.22
QQQ 4 1 51 23.22
QQQ 5 1 53 23.22
QQQ 6 1 55 23.22
QQQ 7 1 53 23.22
QQQ 0 0 54 23.32
QQQ 1 0 49 23.32
QQQ 2 0 59 23.32
QQQ 3 0 55 23.32
QQQ 4 0 55 23.32
QQQ 5 0 57 23.32
QQQ 6 0 57 23.32
QQQ 7 0 55 23.32
QQQ 0 1 52 23.32
QQQ 1 1 53 23.32
QQQ 2 1 53 23.32
QQQ 3 1 49 23.32
QQQ 4 1 52 23.32
QQQ 5 1 53 23.32
QQQ 6 1 55 23.32
QQQ 7 1 52 23.32
QQQ 0 0 54 23.42
QQQ 1 0 49 23.42
QQQ 2 0 58 23.42
QQQ 3 0 55 23.42
QQQ 4 0 56 23.42
QQQ 5 0 56 23.42
QQQ 6 0 57 23.42
QQQ 7 0 54 23.42
QQQ 0 1 52 23.42
QQQ 1 1 53 23.42
QQQ 2 1 53 23.42
QQQ 3 1 49 23.42
QQQ 4 1 53 23.42
QQQ 5 1 52 23.42
QQQ 6 1 54 23.42
QQQ 7 1 52 23.42
QQQ 0 0 54 23.52
QQQ 1 0 49 23.52
QQQ 2 0 58 23.52
QQQ 3 0 55 23.52
QQQ 4 0 56 23.52
QQQ 5 0 56 23.52
QQQ 6 0 57 23.52
QQQ 7 0 54 23.52
QQQ 0 1 52 23.52
QQQ 1 1 53 23.52
QQQ 2 1 54 23.52
QQQ 3 1 49 23.52
QQQ 4 1 52 23.52
QQQ 5 1 53 23.52
QQQ 6 1 55 23.52
QQQ 7 1 52 23.52
QQQ 0 0 55 23.62
QQQ 1 0 49 23.62
QQQ 2 0 59 23.62
QQQ 3 0 55 23.62
QQQ 4 0 57 23.62
QQQ 5 0 57 23.62
QQQ 6 0 57 23.62
QQQ 7 0 55 23.62
QQQ 0 1 52 23.62
QQQ 1 1 53 23.62
QQQ 2 1 54 23.62
QQQ 3 1 49 23.62
QQQ 4 1 51 23.62
QQQ 5 1 52 23.62
QQQ 6 1 55 23.62
QQQ 7 1 52 23.62
QQQ 0 0 54 23.72
QQQ 1 0 49 23.72
QQQ 2 0 58 23.72
QQQ 3 0 56 23.72
QQQ 4 0 56 23.72
QQQ 5 0 56 23.72
QQQ 6 0 57 23.72
QQQ 7 0 55 23.72
QQQ 0 1 53 23.72
QQQ 1 1 53 23.72
QQQ 2 1 53 23.72
QQQ 3 1 50 23.72
QQQ 4 1 52 23.72
QQQ 5 1 52 23.72
QQQ 6 1 54 23.72
QQQ 7 1 52 23.72
QQQ 0 0 54 23.82
QQQ 1 0 50 23.82
QQQ 2 0 59 23.82
QQQ 3 0 56 23.82
QQQ 4 0 56 23.82
QQQ 5 0 57 23.82
QQQ 6 0 57 23.82
QQQ 7 0 55 23.82
QQQ 0 1 52 23.82
QQQ 1 1 53 23.82
QQQ 2 1 54 23.82
QQQ 3 1 50 23.82
QQQ 4 1 52 23.82
QQQ 5 1 53 23.82
QQQ 6 1 55 23.82
QQQ 7 1 53 23.82
QQQ 0 0 54 23.92
QQQ 1 0 50 23.92
QQQ 2 0 58 23.92
QQQ 3 0 56 23.92
QQQ 4 0 56 23.92
QQQ 5 0 56 23.92
QQQ 6 0 57 23.92
QQQ 7 0 55 23.92
QQQ 0 1 52 23.92
QQQ 1 1 54 23.92
QQQ 2 1 54 23.92
QQQ 3 1 50 23.92
QQQ 4 1 52 23.92
QQQ 5 1 53 23.92
QQQ 6 1 54 23.92
QQQ 7 1 53 23.92
QQQ 0 0 55 24.02
QQQ 1 0 50 24.02
QQQ 2 0 58 24.02
QQQ 3 0 56 24.02
QQQ 4 0 56 24.02
QQQ 5 0 56 24.02
QQQ 6 0 57 24.02
QQQ 7 0 55 24.02
QQQ 0 1 53 24.02
QQQ 1 1 53 24.02
QQQ 2 1 53 24.02
QQQ 3 1 50 24.02
QQQ 4 1 52 24.02
QQQ 5 1 53 24.02
QQQ 6 1 55 24.02
QQQ 7 1 52 24.02
QQQ 0 0 54 24.12
QQQ 1 0 50 24.12
QQQ 2 0 58 24.12
QQQ 3 0 56 24.12
QQQ 4 0 56 24.12
QQQ 5 0 57 24.12
QQQ 6 0 57 24.12
QQQ 7 0 55 24.12
QQQ 0 1 53 24.12
QQQ 1 1 53 24.12
QQQ 2 1 54 24.12
QQQ 3 1 50 24.12
QQQ 4 1 52 24.12
QQQ 5 1 53 24.12
QQQ 6 1 55 24.12
QQQ 7 1 53 24.12
QQQ 0 0 55 24.22
QQQ 1 0 50 24.22
QQQ 2 0 58 24.22
QQQ 3 0 56 24.22
QQQ 4 0 56 24.22
QQQ 5 0 57 24.22
QQQ 6 0 57 24.22
QQQ 7 0 55 24.22
QQQ 0 1 53 24.22
QQQ 1 1 53 24.22
QQQ 2 1 54 24.22
QQQ 3 1 50 24.22
QQQ 4 1 52 24.22
QQQ 5 1 53 24.22
QQQ 6 1 54 24.22
QQQ 7 1 53 24.22
QQQ 0 0 54 24.32
QQQ 1 0 49 24.32
QQQ 2 0 58 24.32
QQQ 3 0 55 24.32
QQQ 4 0 56 24.32
QQQ 5 0 57 24.32
QQQ 6 0 57 24.32
QQQ 7 0 55 24.32
QQQ 0 1 53 24.32
QQQ 1 1 53 24.32
QQQ 2 1 54 24.32
QQQ 3 1 50 24.32
QQQ 4 1 52 24.32
QQQ 5 1 53 24.32
QQQ 6 1 55 24.32
QQQ 7 1 53 24.32
QQQ 0 0 55 24.42
QQQ 1 0 50 24.42
QQQ 2 0 58 24.42
QQQ 3 0 56 24.42
QQQ 4 0 56 24.42
QQQ 5 0 57 24.42
QQQ 6 0 57 24.42
QQQ 7 0 54 24.42
QQQ 0 1 52 24.42
QQQ 1 1 53 24.42
QQQ 2 1 54 24.42
QQQ 3 1 50 24.42
QQQ 4 1 52 24.42
QQQ 5 1 53 24.42
QQQ 6 1 55 24.42
QQQ 7 1 52 24.42
QQQ 0 0 55 24.52
QQQ 1 0 49 24.52
QQQ 2 0 58 24.52
QQQ 3 0 56 24.52
QQQ 4 0 56 24.52
QQQ 5 0 57 24.52
QQQ 6 0 57 24.52
QQQ 7 0 55 24.52
QQQ 0 1 52 24.52
QQQ 1 1 53 24.52
QQQ 2 1 54 24.52
QQQ 3 1 49 24.52
QQQ 4 1 52 24.52
QQQ 5 1 53 24.52
QQQ 6 1 54 24.52
QQQ 7 1 53 24.52
QQQ 0 0 54 24.62
QQQ 1 0 50 24.62
QQQ 2 0 59 24.62
QQQ 3 0 57 24.62
QQQ 4 0 56 24.62
QQQ 5 0 57 24.62
QQQ 6 0 58 24.62
QQQ 7 0 55 24.62
QQQ 0 1 53 24.62
QQQ 1 1 53 24.62
QQQ 2 1 53 24.62
QQQ 3 1 49 24.62
QQQ 4 1 52 24.62
QQQ 5 1 53 24.62
QQQ 6 1 55 24.62
QQQ 7 1 52 24.62
QQQ 0 0 54 24.72
QQQ 1 0 50 24.72
QQQ 2 0 58 24.72
QQQ 3 0 56 24.72
QQQ 4 0 56 24.72
QQQ 5 0 57 24.72
QQQ 6 0 57 24.72
QQQ 7 0 54 24.72
QQQ 0 1 53 24.72
QQQ 1 1 53 24.72
QQQ 2 1 54 24.72
QQQ 3 1 50 24.72
QQQ 4 1 52 24.72
QQQ 5 1 53 24.72
QQQ 6 1 55 24.72
QQQ 7 1 53 24.72
QQQ 0 0 54 24.82
QQQ 1 0 50 24.82
QQQ 2 0 59 24.82
QQQ 3 0 56 24.82
QQQ 4 0 56 24.82
QQQ 5 0 57 24.82
QQQ 6 0 57 24.82
QQQ 7 0 55 24.82
QQQ 0 1 52 24.82
QQQ 1 1 54 24.82
QQQ 2 1 54 24.82
QQQ 3 1 49 24.82
QQQ 4 1 52 24.82
QQQ 5 1 53 24.82
QQQ 6 1 55 24.82
QQQ 7 1 53 24.82
QQQ 0 0 55 24.92
QQQ 1 0 50 24.92
QQQ 2 0 58 24.92
QQQ 3 0 56 24.92
QQQ 4 0 56 24.92
QQQ 5 0 57 24.92
QQQ 6 0 57 24.92
QQQ 7 0 55 24.92
QQQ 0 1 53 24.92
QQQ 1 1 54 24.92
QQQ 2 1 54 24.92
QQQ 3 1 49 24.92
QQQ 4 1 52 24.92
QQQ 5 1 53 24.92
QQQ 6 1 55 24.92
QQQ 7 1 54 24.92
QQQ 0 0 54 25.02
QQQ 1 0 50 25.02
QQQ 2 0 58 25.02
QQQ 3 0 56 25.02
QQQ 4 0 56 25.02
QQQ 5 0 56 25.02
QQQ 6 0 57 25.02
QQQ 7 0 56 25.02
QQQ 0 1 53 25.02
QQQ 1 1 53 25.02
QQQ 2 1 54 25.02
QQQ 3 1 50 25.02
QQQ 4 1 52 25.02
QQQ 5 1 53 25.02
QQQ 6 1 55 25.02
QQQ 7 1 53 25.02
QQQ 0 0 54 25.12
QQQ 1 0 50 25.12
QQQ 2 0 59 25.12
QQQ 3 0 56 25.12
QQQ 4 0 56 25.12
QQQ 5 0 56 25.12
QQQ 6 0 58 25.12
QQQ 7 0 55 25.12
QQQ 0 1 53 25.12
QQQ 1 1 54 25.12
QQQ 2 1 54 25.12
QQQ 3 1 49 25.12
QQQ 4 1 52 25.12
QQQ 5 1 53 25.12
QQQ 6 1 56 25.12
QQQ 7 1 52 25.12
QQQ 0 0 54 25.22
QQQ 1 0 50 25.22
QQQ 2 0 59 25.22
QQQ 3 0 55 25.22
QQQ 4 0 57 25.22
QQQ 5 0 57 25.22
QQQ 6 0 58 25.22
QQQ 7 0 56 25.22
QQQ 0 1 53 25.22
QQQ 1 1 53 25.22
QQQ 2 1 53 25.22
QQQ 3 1 50 25.22
QQQ 4 1 53 25.22
QQQ 5 1 53 25.22
QQQ 6 1 55 25.22
QQQ 7 1 53 25.22
QQQ 0 0 55 25.32
QQQ 1 0 50 25.32
QQQ 2 0 60 25.32
QQQ 3 0 57 25.32
QQQ 4 0 56 25.32
QQQ 5 0 57 25.32
QQQ 6 0 56 25.32
QQQ 7 0 56 25.32
QQQ 0 1 53 25.32
QQQ 1 1 53 25.32
QQQ 2 1 53 25.32
QQQ 3 1 50 25.32
QQQ 4 1 52 25.32
QQQ 5 1 53 25.32
QQQ 6 1 55 25.32
QQQ 7 1 53 25.32
QQQ 0 0 54 25.42
QQQ 1 0 50 25.42
QQQ 2 0 59 25.42
QQQ 3 0 56 25.42
QQQ 4 0 57 25.42
QQQ 5 0 57 25.42
QQQ 6 0 57 25.42
QQQ 7 0 55 25.42
QQQ 0 1 53 25.42
QQQ 1 1 53 25.42
QQQ 2 1 54 25.42
QQQ 3 1 50 25.42
QQQ 4 1 52 25.42
QQQ 5 1 53 25.42
QQQ 6 1 56 25.42
QQQ 7 1 53 25.42
QQQ 0 0 55 25.52
QQQ 1 0 50 25.52
QQQ 2 0 59 25.52
QQQ 3 0 56 25.52
QQQ 4 0 56 25.52
QQQ 5 0 57 25.52
QQQ 6 0 57 25.52
QQQ 7 0 55 25.52
QQQ 0 1 53 25.52
QQQ 1 1 54 25.52
QQQ 2 1 53 25.52
QQQ 3 1 49 25.52
QQQ 4 1 51 25.52
QQQ 5 1 53 25.52
QQQ 6 1 55 25.52
QQQ 7 1 53 25.52
QQQ 0 0 56 25.62
QQQ 1 0 49 25.62
QQQ 2 0 59 25.62
QQQ 3 0 57 25.62
QQQ 4 0 57 25.62
QQQ 5 0 56 25.62
QQQ 6 0 58 25.62
QQQ 7 0 55 25.62
QQQ 0 1 53 25.62
QQQ 1 1 54 25.62
QQQ 2 1 53 25.62
QQQ 3 1 49 25.62
QQQ 4 1 52 25.62
QQQ 5 1 52 25.62
QQQ 6 1 55 25.62
QQQ 7 1 53 25.62
QQQ 0 0 55 25.72
QQQ 1 0 51 25.72
QQQ 2 0 60 25.72
QQQ 3 0 56 25.72
QQQ 4 0 57 25.72
QQQ 5 0 56 25.72
QQQ 6 0 57 25.72
QQQ 7 0 55 25.72
QQQ 0 1 53 25.72
QQQ 1 1 54 25.72
QQQ 2 1 54 25.72
QQQ 3 1 50 25.72
QQQ 4 1 52 25.72
QQQ 5 1 54 25.72
QQQ 6 1 55 25.72
QQQ 7 1 53 25.72
QQQ 0 0 55 25.82
QQQ 1 0 50 25.82
QQQ 2 0 59 25.82
QQQ 3 0 57 25.82
QQQ 4 0 57 25.82
QQQ 5 0 57 25.82
QQQ 6 0 57 25.82
QQQ 7 0 55 25.82
QQQ 0 1 53 25.82
QQQ 1 1 54 25.82
QQQ 2 1 54 25.82
QQQ 3 1 50 25.82
QQQ 4 1 53 25.82
QQQ 5 1 53 25.82
QQQ 6 1 55 25.82
QQQ 7 1 53 25.82
QQQ 0 0 55 25.92
QQQ 1 0 50 25.92
QQQ 2 0 59 25.92
QQQ 3 0 56 25.92
QQQ 4 0 56 25.92
QQQ 5 0 57 25.92
QQQ 6 0 57 25.92
QQQ 7 0 55 25.92
QQQ 0 1 53 25.92
QQQ 1 1 54 25.92
QQQ 2 1 54 25.92
QQQ 3 1 50 25.92
QQQ 4 1 51 25.92
QQQ 5 1 53 25.92
QQQ 6 1 56 25.92
QQQ 7 1 53 25.92
QQQ 0 0 55 26.02
QQQ 1 0 50 26.02
QQQ 2 0 59 26.02
QQQ 3 0 56 26.02
QQQ 4 0 57 26.02
QQQ 5 0 57 26.02
QQQ 6 0 57 26.02
QQQ 7 0 56 26.02
QQQ 0 1 53 26.02
QQQ 1 1 54 26.02
QQQ 2 1 53 26.02
QQQ 3 1 50 26.02
QQQ 4 1 52 26.02
QQQ 5 1 53 26.02
QQQ 6 1 56 26.02
QQQ 7 1 54 26.02
QQQ 0 0 55 26.12
QQQ 1 0 50 26.12
QQQ 2 0 59 26.12
QQQ 3 0 56 26.12
QQQ 4 0 57 26.12
QQQ 5 0 56 26.12
QQQ 6 0 58 26.12
QQQ 7 0 55 26.12
QQQ 0 1 53 26.12
QQQ 1 1 54 26.12
QQQ 2 1 54 26.12
QQQ 3 1 50 26.12
QQQ 4 1 51 26.12
QQQ 5 1 54 26.12
QQQ 6 1 56 26.12
QQQ 7 1 53 26.12
QQQ 0 0 56 26.22
QQQ 1 0 50 26.22
QQQ 2 0 59 26.22
QQQ 3 0 56 26.22
QQQ 4 0 56 26.22
QQQ 5 0 56 26.22
QQQ 6 0 58 26.22
QQQ 7 0 55 26.22
QQQ 0 1 54 26.22
QQQ 1 1 54 26.22
QQQ 2 1 54 26.22
QQQ 3 1 50 26.22
QQQ 4 1 52 26.22
QQQ 5 1 53 26.22
QQQ 6 1 55 26.22
QQQ 7 1 54 26.22
QQQ 0 0 56 26.32
QQQ 1 0 51 26.32
QQQ 2 0 60 26.32
QQQ 3 0 56 26.32
QQQ 4 0 56 26.32
QQQ 5 0 57 26.32
QQQ 6 0 58 26.32
QQQ 7 0 55 26.32
QQQ 0 1 54 26.32
QQQ 1 1 53 26.32
QQQ 2 1 55 26.32
QQQ 3 1 50 26.32
QQQ 4 1 52 26.32
QQQ 5 1 53 26.32
QQQ 6 1 55 26.32
QQQ 7 1 53 26.32
QQQ 0 0 56 26.42
QQQ 1 0 50 26.42
QQQ 2 0 59 26.42
QQQ 3 0 57 26.42
QQQ 4 0 56 26.42
QQQ 5 0 57 26.42
QQQ 6 0 57 26.42
QQQ 7 0 56 26.42
QQQ 0 1 54 26.42
QQQ 1 1 54 26.42
QQQ 2 1 54 26.42
QQQ 3 1 50 26.42
QQQ 4 1 52 26.42
QQQ 5 1 53 26.42
QQQ 6 1 56 26.42
QQQ 7 1 53 26.42
QQQ 0 0 55 26.52
QQQ 1 0 51 26.52
QQQ 2 0 59 26.52
QQQ 3 0 57 26.52
QQQ 4 0 57 26.52
QQQ 5 0 57 26.52
QQQ 6 0 58 26.52
QQQ 7 0 55 26.52
QQQ 0 1 53 26.52
QQQ 1 1 54 26.52
QQQ 2 1 53 26.52
QQQ 3 1 50 26.52
QQQ 4 1 52 26.52
QQQ 5 1 54 26.52
QQQ 6 1 55 26.52
QQQ 7 1 54 26.52
QQQ 0 0 55 26.62
QQQ 1 0 50 26.62
QQQ 2 0 60 26.62
QQQ 3 0 57 26.62
QQQ 4 0 57 26.62
QQQ 5 0 57 26.62
QQQ 6 0 57 26.62
QQQ 7 0 56 26.62
QQQ 0 1 53 26.62
QQQ 1 1 54 26.62
QQQ 2 1 54 26.62
QQQ 3 1 50 26.62
QQQ 4 1 52 26.62
QQQ 5 1 54 26.62
QQQ 6 1 56 26.62
QQQ 7 1 54 26.62
QQQ 0 0 55 26.72
QQQ 1 0 51 26.72
QQQ 2 0 59 26.72
QQQ 3 0 56 26.72
QQQ 4 0 57 26.72
QQQ 5 0 57 26.72
QQQ 6 0 58 26.72
QQQ 7 0 55 26.72
QQQ 0 1 54 26.72
QQQ 1 1 54 26.72
QQQ 2 1 54 26.72
QQQ 3 1 50 26.72
QQQ 4 1 52 26.72
QQQ 5 1 53 26.72
QQQ 6 1 55 26.72
QQQ 7 1 53 26.72
QQQ 0 0 56 26.82
QQQ 1 0 51 26.82
QQQ 2 0 59 26.82
QQQ 3 0 57 26.82
QQQ 4 0 56 26.82
QQQ 5 0 57 26.82
QQQ 6 0 57 26.82
QQQ 7 0 56 26.82
QQQ 0 1 53 26.82
QQQ 1 1 54 26.82
QQQ 2 1 54 26.82
QQQ 3 1 50 26.82
QQQ 4 1 52 26.82
QQQ 5 1 53 26.82
QQQ 6 1 55 26.82
QQQ 7 1 54 26.82
QQQ 0 0 55 26.92
QQQ 1 0 51 26.92
QQQ 2 0 59 26.92
QQQ 3 0 57 26.92
QQQ 4 0 57 26.92
QQQ 5 0 56 26.92
QQQ 6 0 57 26.92
QQQ 7 0 56 26.92
QQQ 0 1 54 26.92
QQQ 1 1 53 26.92
QQQ 2 1 54 26.92
QQQ 3 1 50 26.92
QQQ 4 1 52 26.92
QQQ 5 1 53 26.92
QQQ 6 1 56 26.92
QQQ 7 1 53 26.92
QQQ 0 0 56 27.02
QQQ 1 0 50 27.02
QQQ 2 0 59 27.02
QQQ 3 0 57 27.02
QQQ 4 0 57 27.02
QQQ 5 0 57 27.02
QQQ 6 0 57 27.02
QQQ 7 0 56 27.02
QQQ 0 1 53 27.02
QQQ 1 1 53 27.02
QQQ 2 1 54 27.02
QQQ 3 1 50 27.02
QQQ 4 1 52 27.02
QQQ 5 1 53 27.02
QQQ 6 1 55 27.02
QQQ 7 1 53 27.02
QQQ 0 0 56 27.12
QQQ 1 0 51 27.12
QQQ 2 0 60 27.12
QQQ 3 0 57 27.12
QQQ 4 0 57 27.12
QQQ 5 0 57 27.12
QQQ 6 0 58 27.12
QQQ 7 0 56 27.12
QQQ 0 1 54 27.12
QQQ 1 1 54 27.12
QQQ 2 1 55 27.12
QQQ 3 1 51 27.12
QQQ 4 1 52 27.12
QQQ 5 1 53 27.12
QQQ 6 1 56 27.12
QQQ 7 1 54 27.12
QQQ 0 0 56 27.22
QQQ 1 0 51 27.22
QQQ 2 0 60 27.22
QQQ 3 0 58 27.22
QQQ 4 0 57 27.22
QQQ 5 0 57 27.22
QQQ 6 0 58 27.22
QQQ 7 0 56 27.22
QQQ 0 1 53 27.22
QQQ 1 1 54 27.22
QQQ 2 1 55 27.22
QQQ 3 1 51 27.22
QQQ 4 1 52 27.22
QQQ 5 1 55 27.22
QQQ 6 1 55 27.22
QQQ 7 1 53 27.22
QQQ 0 0 55 27.32
QQQ 1 0 51 27.32
QQQ 2 0 59 27.32
QQQ 3 0 56 27.32
QQQ 4 0 57 27.32
QQQ 5 0 57 27.32
QQQ 6 0 58 27.32
QQQ 7 0 56 27.32
QQQ 0 1 53 27.32
QQQ 1 1 54 27.32
QQQ 2 1 55 27.32
QQQ 3 1 51 27.32
QQQ 4 1 52 27.32
QQQ 5 1 54 27.32
QQQ 6 1 56 27.32
QQQ 7 1 53 27.32
QQQ 0 0 55 27.42
QQQ 1 0 51 27.42
QQQ 2 0 60 27.42
QQQ 3 0 56 27.42
QQQ 4 0 57 27.42
QQQ 5 0 57 27.42
QQQ 6 0 58 27.42
QQQ 7 0 56 27.42
QQQ 0 1 54 27.42
QQQ 1 1 54 27.42
QQQ 2 1 55 27.42
QQQ 3 1 50 27.42
QQQ 4 1 52 27.42
QQQ 5 1 55 27.42
QQQ 6 1 55 27.42
QQQ 7 1 53 27.42
QQQ 0 0 56 27.52
QQQ 1 0 51 27.52
QQQ 2 0 60 27.52
QQQ 3 0 56 27.52
QQQ 4 0 57 27.52
QQQ 5 0 57 27.52
QQQ 6 0 58 27.52
QQQ 7 0 56 27.52
QQQ 0 1 53 27.52
QQQ 1 1 54 27.52
QQQ 2 1 55 27.52
QQQ 3 1 51 27.52
QQQ 4 1 53 27.52
QQQ 5 1 53 27.52
QQQ 6 1 55 27.52
QQQ 7 1 54 27.52
QQQ 0 0 56 27.62
QQQ 1 0 52 27.62
QQQ 2 0 60 27.62
QQQ 3 0 57 27.62
QQQ 4 0 56 27.62
QQQ 5 0 57 27.62
QQQ 6 0 58 27.62
QQQ 7 0 57 27.62
QQQ 0 1 53 27.62
QQQ 1 1 54 27.62
QQQ 2 1 56 27.62
QQQ 3 1 50 27.62
QQQ 4 1 52 27.62
QQQ 5 1 53 27.62
QQQ 6 1 55 27.62
QQQ 7 1 53 27.62
QQQ 0 0 56 27.72
QQQ 1 0 51 27.72
QQQ 2 0 60 27.72
QQQ 3 0 57 27.72
QQQ 4 0 57 27.72
QQQ 5 0 57 27.72
QQQ 6 0 58 27.72
QQQ 7 0 57 27.72
QQQ 0 1 53 27.72
QQQ 1 1 54 27.72
QQQ 2 1 54 27.72
QQQ 3 1 50 27.72
QQQ 4 1 53 27.72
QQQ 5 1 54 27.72
QQQ 6 1 56 27.72
QQQ 7 1 53 27.72
QQQ 0 0 56 27.82
QQQ 1 0 51 27.82
QQQ 2 0 59 27.82
QQQ 3 0 57 27.82
QQQ 4 0 57 27.82
QQQ 5 0 57 27.82
QQQ 6 0 58 27.82
QQQ 7 0 56 27.82
QQQ 0 1 53 27.82
QQQ 1 1 55 27.82
QQQ 2 1 54 27.82
QQQ 3 1 50 27.82
QQQ 4 1 52 27.82
QQQ 5 1 53 27.82
QQQ 6 1 55 27.82
QQQ 7 1 53 27.82
QQQ 0 0 57 27.92
QQQ 1 0 51 27.92
QQQ 2 0 59 27.92
QQQ 3 0 57 27.92
QQQ 4 0 57 27.92
QQQ 5 0 57 27.92
QQQ 6 0 58 27.92
QQQ 7 0 56 27.92
QQQ 0 1 53 27.92
QQQ 1 1 54 27.92
QQQ 2 1 55 27.92
QQQ 3 1 50 27.92
QQQ 4 1 52 27.92
QQQ 5 1 54 27.92
QQQ 6 1 55 27.92
QQQ 7 1 52 27.92
QQQ 0 0 55 28.02
QQQ 1 0 51 28.02
QQQ 2 0 59 28.02
QQQ 3 0 57 28.02
QQQ 4 0 56 28.02
QQQ 5 0 57 28.02
QQQ 6 0 58 28.02
QQQ 7 0 56 28.02
QQQ 0 1 54 28.02
QQQ 1 1 54 28.02
QQQ 2 1 54 28.02
QQQ 3 1 50 28.02
QQQ 4 1 52 28.02
QQQ 5 1 55 28.02
QQQ 6 1 55 28.02
QQQ 7 1 53 28.02
QQQ 0 0 56 28.12
QQQ 1 0 51 28.12
QQQ 2 0 60 28.12
QQQ 3 0 57 28.12
QQQ 4 0 56 28.12
QQQ 5 0 58 28.12
QQQ 6 0 58 28.12
QQQ 7 0 56 28.12
QQQ 0 1 54 28.12
QQQ 1 1 53 28.12
QQQ 2 1 54 28.12
QQQ 3 1 50 28.12
QQQ 4 1 52 28.12
QQQ 5 1 53 28.12
QQQ 6 1 56 28.12
QQQ 7 1 54 28.12
QQQ 0 0 56 28.22
QQQ 1 0 51 28.22
QQQ 2 0 60 28.22
QQQ 3 0 57 28.22
QQQ 4 0 57 28.22
QQQ 5 0 58 28.22
QQQ 6 0 58 28.22
QQQ 7 0 56 28.22
QQQ 0 1 53 28.22
QQQ 1 1 54 28.22
QQQ 2 1 54 28.22
QQQ 3 1 50 28.22
QQQ 4 1 53 28.22
QQQ 5 1 54 28.22
QQQ 6 1 56 28.22
QQQ 7 1 53 28.22
QQQ 0 0 56 28.32
QQQ 1 0 51 28.32
QQQ 2 0 59 28.32
QQQ 3 0 57 28.32
QQQ 4 0 57 28.32
QQQ 5 0 58 28.32
QQQ 6 0 58 28.32
QQQ 7 0 56 28.32
QQQ 0 1 53 28.32
QQQ 1 1 55 28.32
QQQ 2 1 54 28.32
QQQ 3 1 51 28.32
QQQ 4 1 53 28.32
QQQ 5 1 53 28.32
QQQ 6 1 56 28.32
QQQ 7 1 53 28.32
QQQ 0 0 56 28.42
QQQ 1 0 51 28.42
QQQ 2 0 60 28.42
QQQ 3 0 58 28.42
QQQ 4 0 57 28.42
QQQ 5 0 57 28.42
QQQ 6 0 58 28.42
QQQ 7 0 55 28.42
QQQ 0 1 54 28.42
QQQ 1 1 54 28.42
QQQ 2 1 55 28.42
QQQ 3 1 50 28.42
QQQ 4 1 53 28.42
QQQ 5 1 54 28.42
QQQ 6 1 55 28.42
QQQ 7 1 53 28.42
QQQ 0 0 56 28.52
QQQ 1 0 51 28.52
QQQ 2 0 60 28.52
QQQ 3 0 57 28.52
QQQ 4 0 57 28.52
QQQ 5 0 57 28.52
QQQ 6 0 58 28.52
QQQ 7 0 56 28.52
QQQ 0 1 54 28.52
QQQ 1 1 54 28.52
QQQ 2 1 54 28.52
QQQ 3 1 50 28.52
QQQ 4 1 53 28.52
QQQ 5 1 54 28.52
QQQ 6 1 56 28.52
QQQ 7 1 53 28.52
QQQ 0 0 56 28.62
QQQ 1 0 50 28.62
QQQ 2 0 61 28.62
QQQ 3 0 57 28.62
QQQ 4 0 57 28.62
QQQ 5 0 58 28.62
QQQ 6 0 58 28.62
QQQ 7 0 56 28.62
QQQ 0 1 54 28.62
QQQ 1 1 54 28.62
QQQ 2 1 55 28.62
QQQ 3 1 50 28.62
QQQ 4 1 53 28.62
QQQ 5 1 54 28.62
QQQ 6 1 55 28.62
QQQ 7 1 53 28.62
QQQ 0 0 56 28.72
QQQ 1 0 51 28.72
QQQ 2 0 60 28.72
QQQ 3 0 57 28.72
QQQ 4 0 57 28.72
QQQ 5 0 58 28.72
QQQ 6 0 58 28.72
QQQ 7 0 56 28.72
QQQ 0 1 54 28.72
QQQ 1 1 54 28.72
QQQ 2 1 54 28.72
QQQ 3 1 50 28.72
QQQ 4 1 52 28.72
QQQ 5 1 54 28.72
QQQ 6 1 56 28.72
QQQ 7 1 53 28.72
QQQ 0 0 56 28.82
QQQ 1 0 51 28.82
QQQ 2 0 60 28.82
QQQ 3 0 57 28.82
QQQ 4 0 57 28.82
QQQ 5 0 58 28.82
QQQ 6 0 58 28.82
QQQ 7 0 56 28.82
QQQ 0 1 54 28.82
QQQ 1 1 54 28.82
QQQ 2 1 55 28.82
QQQ 3 1 50 28.82
QQQ 4 1 53 28.82
QQQ 5 1 54 28.82
QQQ 6 1 56 28.82
QQQ 7 1 53 28.82
QQQ 0 0 56 28.92
QQQ 1 0 51 28.92
QQQ 2 0 60 28.92
QQQ 3 0 57 28.92
QQQ 4 0 58 28.92
QQQ 5 0 58 28.92
QQQ 6 0 58 28.92
QQQ 7 0 57 28.92
QQQ 0 1 54 28.92
QQQ 1 1 54 28.92
QQQ 2 1 55 28.92
QQQ 3 1 50 28.92
QQQ 4 1 53 28.92
QQQ 5 1 54 28.92
QQQ 6 1 56 28.92
QQQ 7 1 54 28.92
QQQ 0 0 56 29.02
QQQ 1 0 51 29.02
QQQ 2 0 60 29.02
QQQ 3 0 58 29.02
QQQ 4 0 58 29.02
QQQ 5 0 58 29.02
QQQ 6 0 58 29.02
QQQ 7 0 56 29.02
QQQ 0 1 53 29.02
QQQ 1 1 54 29.02
QQQ 2 1 55 29.02
QQQ 3 1 50 29.02
QQQ 4 1 52 29.02
QQQ 5 1 54 29.02
QQQ 6 1 55 29.02
QQQ 7 1 53 29.02
QQQ 0 0 56 29.12
QQQ 1 0 52 29.12
QQQ 2 0 60 29.12
QQQ 3 0 58 29.12
QQQ 4 0 57 29.12
QQQ 5 0 58 29.12
QQQ 6 0 58 29.12
QQQ 7 0 56 29.12
QQQ 0 1 53 29.12
QQQ 1 1 54 29.12
QQQ 2 1 55 29.12
QQQ 3 1 51 29.12
QQQ 4 1 52 29.12
QQQ 5 1 54 29.12
QQQ 6 1 56 29.12
QQQ 7 1 54 29.12
QQQ 0 0 56 29.22
QQQ 1 0 51 29.22
QQQ 2 0 59 29.22
QQQ 3 0 59 29.22
QQQ 4 0 58 29.22
QQQ 5 0 58 29.22
QQQ 6 0 58 29.22
QQQ 7 0 56 29.22
QQQ 0 1 53 29.22
QQQ 1 1 55 29.22
QQQ 2 1 55 29.22
QQQ 3 1 51 29.22
QQQ 4 1 52 29.22
QQQ 5 1 54 29.22
QQQ 6 1 56 29.22
QQQ 7 1 53 29.22
QQQ 0 0 57 29.32
QQQ 1 0 52 29.32
QQQ 2 0 60 29.32
QQQ 3 0 57 29.32
QQQ 4 0 57 29.32
QQQ 5 0 58 29.32
QQQ 6 0 59 29.32
QQQ 7 0 57 29.32
QQQ 0 1 53 29.32
QQQ 1 1 55 29.32
QQQ 2 1 55 29.32
QQQ 3 1 51 29.32
QQQ 4 1 53 29.32
QQQ 5 1 54 29.32
QQQ 6 1 56 29.32
QQQ 7 1 54 29.32
QQQ 0 0 56 29.42
QQQ 1 0 52 29.42
QQQ 2 0 60 29.42
QQQ 3 0 57 29.42
QQQ 4 0 57 29.42
QQQ 5 0 58 29.42
QQQ 6 0 58 29.42
QQQ 7 0 56 29.42
QQQ 0 1 53 29.42
QQQ 1 1 54 29.42
QQQ 2 1 55 29.42
QQQ 3 1 50 29.42
QQQ 4 1 52 29.42
QQQ 5 1 54 29.42
QQQ 6 1 56 29.42
QQQ 7 1 53 29.42
QQQ 0 0 56 29.52
QQQ 1 0 51 29.52
QQQ 2 0 60 29.52
QQQ 3 0 57 29.52
QQQ 4 0 57 29.52
QQQ 5 0 59 29.52
QQQ 6 0 58 29.52
QQQ 7 0 57 29.52
QQQ 0 1 54 29.52
QQQ 1 1 54 29.52
QQQ 2 1 56 29.52
QQQ 3 1 51 29.52
QQQ 4 1 52 29.52
QQQ 5 1 54 29.52
QQQ 6 1 56 29.52
QQQ 7 1 54 29.52
QQQ 0 0 56 29.62
QQQ 1 0 51 29.62
QQQ 2 0 60 29.62
QQQ 3 0 58 29.62
QQQ 4 0 58 29.62
QQQ 5 0 58 29.62
QQQ 6 0 58 29.62
QQQ 7 0 57 29.62
QQQ 0 1 54 29.62
QQQ 1 1 54 29.62
QQQ 2 1 56 29.62
QQQ 3 1 51 29.62
QQQ 4 1 52 29.62
QQQ 5 1 54 29.62
QQQ 6 1 56 29.62
QQQ 7 1 53 29.62
QQQ 0 0 56 29.72
QQQ 1 0 51 29.72
QQQ 2 0 61 29.72
QQQ 3 0 57 29.72
QQQ 4 0 58 29.72
QQQ 5 0 57 29.72
QQQ 6 0 59 29.72
QQQ 7 0 57 29.72
QQQ 0 1 53 29.72
QQQ 1 1 54 29.72
QQQ 2 1 55 29.72
QQQ 3 1 51 29.72
QQQ 4 1 52 29.72
QQQ 5 1 54 29.72
QQQ 6 1 56 29.72
QQQ 7 1 54 29.72
QQQ 0 0 56 29.82
QQQ 1 0 51 29.82
QQQ 2 0 60 29.82
QQQ 3 0 58 29.82
QQQ 4 0 57 29.82
QQQ 5 0 59 29.82
QQQ 6 0 59 29.82
QQQ 7 0 57 29.82
QQQ 0 1 54 29.82
QQQ 1 1 55 29.82
QQQ 2 1 56 29.82
QQQ 3 1 51 29.82
QQQ 4 1 53 29.82
QQQ 5 1 54 29.82
QQQ 6 1 56 29.82
QQQ 7 1 54 29.82
