R core socket temp time pkg_watts dram_watts
RRR NA 0 NA 0.00   0.0000   0.0000
RRR NA 1 NA 0.00   0.0000   0.0000
RRR NA 0 NA 0.10  36.1760   2.0080
RRR NA 1 NA 0.10  17.4961   1.6274
RRR NA 0 NA 0.20  36.0057   2.4356
RRR NA 1 NA 0.20  17.6841   1.5949
RRR NA 0 NA 0.30  35.9347   2.6907
RRR NA 1 NA 0.30  17.4352   1.5935
RRR NA 0 NA 0.40  36.0177   3.3648
RRR NA 1 NA 0.40  19.9013   1.6202
RRR NA 0 NA 0.50  36.3632   2.8678
RRR NA 1 NA 0.50  17.9176   1.5776
RRR NA 0 NA 0.61  35.9945   2.3340
RRR NA 1 NA 0.61  17.4698   1.6073
RRR NA 0 NA 0.71  35.9587   2.2592
RRR NA 1 NA 0.71  17.4639   1.5628
RRR NA 0 NA 0.81  36.4358   2.3353
RRR NA 1 NA 0.81  17.5994   1.6251
RRR NA 0 NA 0.91  36.0363   2.3595
RRR NA 1 NA 0.91  17.6266   1.5914
RRR NA 0 NA 1.01  36.1330   2.7627
RRR NA 1 NA 1.01  17.5523   1.6273
RRR NA 0 NA 1.11  36.3387   3.0159
RRR NA 1 NA 1.11  17.4506   1.5775
RRR NA 0 NA 1.21  36.4153   2.8389
RRR NA 1 NA 1.21  17.6151   1.6716
RRR NA 0 NA 1.31  36.0592   2.2908
RRR NA 1 NA 1.31  17.7237   1.5782
RRR NA 0 NA 1.41  36.1581   2.2418
RRR NA 1 NA 1.41  17.6368   1.6741
RRR NA 0 NA 1.51  36.4495   2.6843
RRR NA 1 NA 1.51  17.4930   1.5464
RRR NA 0 NA 1.61  36.1307   2.4441
RRR NA 1 NA 1.61  17.6079   1.6102
RRR NA 0 NA 1.71  36.3815   2.2909
RRR NA 1 NA 1.71  17.6363   1.5770
RRR NA 0 NA 1.81  36.1264   2.2851
RRR NA 1 NA 1.81  17.4997   1.5956
RRR NA 0 NA 1.91  36.0650   2.3126
RRR NA 1 NA 1.91  17.4502   1.5765
RRR NA 0 NA 2.02  36.1126   3.0071
RRR NA 1 NA 2.02  17.7528   1.6418
RRR NA 0 NA 2.12  36.0450   2.6063
RRR NA 1 NA 2.12  17.4397   1.5933
RRR NA 0 NA 2.22  36.3969   2.7417
RRR NA 1 NA 2.22  17.6472   1.6565
RRR NA 0 NA 2.32  36.0763   2.1964
RRR NA 1 NA 2.32  17.5150   1.5302
RRR NA 0 NA 2.42  36.0067   2.2298
RRR NA 1 NA 2.42  17.5083   1.6243
RRR NA 0 NA 2.52  36.1343   2.2640
RRR NA 1 NA 2.52  17.4444   1.5812
RRR NA 0 NA 2.62  36.0471   2.2369
RRR NA 1 NA 2.62  17.5130   1.6581
RRR NA 0 NA 2.72  36.4034   2.2788
RRR NA 1 NA 2.72  17.7210   1.6086
RRR NA 0 NA 2.82  36.1393   2.2494
RRR NA 1 NA 2.82  17.5423   1.6278
RRR NA 0 NA 2.92  36.0834   2.3847
RRR NA 1 NA 2.92  17.4721   1.5770
RRR NA 0 NA 3.02  36.0916   2.4348
RRR NA 1 NA 3.02  17.6777   1.6723
RRR NA 0 NA 3.12  36.4483   2.4189
RRR NA 1 NA 3.12  17.7275   1.5933
RRR NA 0 NA 3.22  36.0809   2.3392
RRR NA 1 NA 3.22  17.5429   1.6557
RRR NA 0 NA 3.32  36.0326   2.4258
RRR NA 1 NA 3.32  17.5301   1.5921
RRR NA 0 NA 3.43  36.0773   2.3339
RRR NA 1 NA 3.43  17.4511   1.6398
RRR NA 0 NA 3.53  36.4491   2.2308
RRR NA 1 NA 3.53  17.6788   1.5933
RRR NA 0 NA 3.63  36.0774   2.2783
RRR NA 1 NA 3.63  17.4701   1.6086
RRR NA 0 NA 3.73  36.0513   2.2133
RRR NA 1 NA 3.73  17.4739   1.5768
RRR NA 0 NA 3.83  36.4929   2.3850
RRR NA 1 NA 3.83  17.4599   1.7198
RRR NA 0 NA 3.93  36.1091   2.4258
RRR NA 1 NA 3.93  17.6701   1.5769
RRR NA 0 NA 4.03  36.2523   3.0528
RRR NA 1 NA 4.03  17.7450   1.6438
RRR NA 0 NA 4.13  36.0888   2.3142
RRR NA 1 NA 4.13  17.4321   1.5771
RRR NA 0 NA 4.23  36.1033   2.1015
RRR NA 1 NA 4.23  17.4290   1.6566
RRR NA 0 NA 4.33  36.4675   2.3190
RRR NA 1 NA 4.33  17.6547   1.5611
RRR NA 0 NA 4.43  36.1195   2.1161
RRR NA 1 NA 4.43  17.4578   1.6087
RRR NA 0 NA 4.53  36.0968   2.3216
RRR NA 1 NA 4.53  17.5025   1.5618
RRR NA 0 NA 4.63  36.0926   2.1225
RRR NA 1 NA 4.63  17.5724   1.6718
RRR NA 0 NA 4.74  36.9855   2.4640
RRR NA 1 NA 4.74  17.9262   1.5774
RRR NA 0 NA 4.84  36.1861   2.3266
RRR NA 1 NA 4.84  17.6312   1.5805
RRR NA 0 NA 4.94  36.0863   2.2912
RRR NA 1 NA 4.94  17.4466   1.5772
RRR NA 0 NA 5.04  36.1731   2.7284
RRR NA 1 NA 5.04  17.5621   1.6262
RRR NA 0 NA 5.14  36.5175   2.6547
RRR NA 1 NA 5.14  17.4110   1.5790
RRR NA 0 NA 5.24  36.1520   2.6198
RRR NA 1 NA 5.24  17.7404   1.6105
RRR NA 0 NA 5.34  36.1342   2.5732
RRR NA 1 NA 5.34  18.7434   1.6256
RRR NA 0 NA 5.44  36.4251   3.1888
RRR NA 1 NA 5.44  17.9566   1.6734
RRR NA 0 NA 5.54  36.0730   2.4828
RRR NA 1 NA 5.54  17.5756   1.5930
RRR NA 0 NA 5.64  36.5138   2.2474
RRR NA 1 NA 5.64  17.6517   1.5787
RRR NA 0 NA 5.74  36.0996   3.6828
RRR NA 1 NA 5.74  17.5008   1.5760
RRR NA 0 NA 5.84  36.1601   3.7733
RRR NA 1 NA 5.84  17.5582   1.6429
RRR NA 0 NA 5.94  36.0337   3.7693
RRR NA 1 NA 5.94  17.4832   1.5922
RRR NA 0 NA 6.05  36.5561   3.8468
RRR NA 1 NA 6.05  17.4710   1.6255
RRR NA 0 NA 6.15  36.1978   3.8208
RRR NA 1 NA 6.15  16.5314   1.5659
RRR NA 0 NA 6.25  36.1076   3.8095
RRR NA 1 NA 6.25  16.6172   1.6113
RRR NA 0 NA 6.35  36.0458   3.7705
RRR NA 1 NA 6.35  16.7203   1.5846
RRR NA 0 NA 6.45  36.4674   3.7698
RRR NA 1 NA 6.45  17.0112   1.6298
RRR NA 0 NA 6.55  36.1672   3.7790
RRR NA 1 NA 6.55  17.2826   1.5870
RRR NA 0 NA 6.65  36.1933   3.7720
RRR NA 1 NA 6.65  16.6901   1.6466
RRR NA 0 NA 6.75  36.0597   3.8075
RRR NA 1 NA 6.75  16.6787   1.5680
RRR NA 0 NA 6.85  36.0918   3.8074
RRR NA 1 NA 6.85  16.9898   1.6143
RRR NA 0 NA 6.95  36.4481   3.8462
RRR NA 1 NA 6.95  16.7451   1.5676
RRR NA 0 NA 7.05  36.3047   3.8130
RRR NA 1 NA 7.05  17.5063   1.6762
RRR NA 0 NA 7.15  36.0807   3.8069
RRR NA 1 NA 7.15  17.6589   1.5938
RRR NA 0 NA 7.25  36.4599   3.7324
RRR NA 1 NA 7.25  17.7297   1.6876
RRR NA 0 NA 7.35  36.1227   3.8502
RRR NA 1 NA 7.35  17.5234   1.5776
RRR NA 0 NA 7.46  36.1082   3.8473
RRR NA 1 NA 7.46  17.3878   1.6726
RRR NA 0 NA 7.56  36.1130   3.8120
RRR NA 1 NA 7.56  17.7333   1.5938
RRR NA 0 NA 7.66  36.4805   3.8124
RRR NA 1 NA 7.66  17.4826   1.7205
RRR NA 0 NA 7.76  36.1571   3.8153
RRR NA 1 NA 7.76  17.4649   1.5784
RRR NA 0 NA 7.86  36.1175   3.8099
RRR NA 1 NA 7.86  17.5071   1.7048
RRR NA 0 NA 7.96  36.1313   3.8115
RRR NA 1 NA 7.96  17.7374   1.5938
RRR NA 0 NA 8.06  36.2798   3.8146
RRR NA 1 NA 8.06  17.1932   1.6276
RRR NA 0 NA 8.16  36.5173   3.5489
RRR NA 1 NA 8.16  16.7524   1.5778
RRR NA 0 NA 8.26  36.1833   2.4179
RRR NA 1 NA 8.26  17.4477   1.5951
RRR NA 0 NA 8.36  36.1131   2.2665
RRR NA 1 NA 8.36  17.4911   1.5615
RRR NA 0 NA 8.46  36.1397   2.1370
RRR NA 1 NA 8.46  17.5325   1.6418
RRR NA 0 NA 8.56  36.1860   2.3220
RRR NA 1 NA 8.56  17.7275   1.5469
RRR NA 0 NA 8.66  36.5015   2.3511
RRR NA 1 NA 8.66  17.5760   1.6562
RRR NA 0 NA 8.76  36.1750   2.3998
RRR NA 1 NA 8.76  17.5585   1.5468
RRR NA 0 NA 8.87  36.0655   2.2152
RRR NA 1 NA 8.87  17.5253   1.6242
RRR NA 0 NA 8.97  36.1292   2.1811
RRR NA 1 NA 8.97  17.7704   1.5608
RRR NA 0 NA 9.07  36.5605   2.7627
RRR NA 1 NA 9.07  17.4983   1.6389
RRR NA 0 NA 9.17  36.1441   2.2403
RRR NA 1 NA 9.17  17.4817   1.5916
RRR NA 0 NA 9.27  36.1144   2.4267
RRR NA 1 NA 9.27  17.7278   1.6094
RRR NA 0 NA 9.37  36.4843   2.1910
RRR NA 1 NA 9.37  17.4412   1.5611
RRR NA 0 NA 9.47  36.2318   2.2557
RRR NA 1 NA 9.47  17.6452   1.6737
RRR NA 0 NA 9.57  36.1209   2.5301
RRR NA 1 NA 9.57  17.3441   1.5914
RRR NA 0 NA 9.67  37.5738   2.5852
RRR NA 1 NA 9.67  17.8957   1.6264
RRR NA 0 NA 9.77  36.4984   2.6859
RRR NA 1 NA 9.77  17.5600   1.5760
RRR NA 0 NA 9.87  36.1200   2.0785
RRR NA 1 NA 9.87  17.3934   1.6390
RRR NA 0 NA 9.97  36.1675   2.5491
RRR NA 1 NA 9.97  17.7074   1.5953
RRR NA 0 NA 10.07  36.5380   2.9185
RRR NA 1 NA 10.07  17.7700   1.6263
RRR NA 0 NA 10.18  36.4848   2.3868
RRR NA 1 NA 10.18  17.6294   1.5932
RRR NA 0 NA 10.28  36.1862   2.5156
RRR NA 1 NA 10.28  17.5941   1.5955
RRR NA 0 NA 10.38  36.1642   2.7996
RRR NA 1 NA 10.38  19.0942   1.5776
RRR NA 0 NA 10.48  36.1686   3.6358
RRR NA 1 NA 10.48  17.6643   1.6624
RRR NA 0 NA 10.58  36.1474   3.5605
RRR NA 1 NA 10.58  17.1092   1.5652
RRR NA 0 NA 10.68  36.2647   3.8445
RRR NA 1 NA 10.68  17.5293   1.6914
RRR NA 0 NA 10.78  36.4984   3.8097
RRR NA 1 NA 10.78  17.3556   1.5773
RRR NA 0 NA 10.88  36.1409   3.8484
RRR NA 1 NA 10.88  17.5218   1.7351
RRR NA 0 NA 10.98  36.1930   3.8184
RRR NA 1 NA 10.98  17.8297   1.5971
RRR NA 0 NA 11.08  36.6296   3.8477
RRR NA 1 NA 11.08  17.4522   1.6558
RRR NA 0 NA 11.18  36.1924   3.8132
RRR NA 1 NA 11.18  17.6059   1.5630
RRR NA 0 NA 11.28  36.1858   3.8102
RRR NA 1 NA 11.28  17.4335   1.7185
RRR NA 0 NA 11.38  36.0857   3.7698
RRR NA 1 NA 11.38  17.7435   1.5613
RRR NA 0 NA 11.49  36.3168   3.7800
RRR NA 1 NA 11.49  17.7966   1.6296
RRR NA 0 NA 11.59  36.5926   3.8441
RRR NA 1 NA 11.59  17.5396   1.5919
RRR NA 0 NA 11.69  36.1734   3.8094
RRR NA 1 NA 11.69  17.4562   1.6870
RRR NA 0 NA 11.79  36.1095   3.7728
RRR NA 1 NA 11.79  17.6194   1.5942
RRR NA 0 NA 11.89  36.1645   3.8493
RRR NA 1 NA 11.89  17.4962   1.6575
RRR NA 0 NA 11.99  36.6365   3.8131
RRR NA 1 NA 11.99  17.8451   1.5485
RRR NA 0 NA 12.09  36.3388   3.6170
RRR NA 1 NA 12.09  16.5996   1.6125
RRR NA 0 NA 12.19  36.2898   3.6728
RRR NA 1 NA 12.19  16.5836   1.5967
RRR NA 0 NA 12.29  36.1386   3.5878
RRR NA 1 NA 12.29  16.9711   1.6598
RRR NA 0 NA 12.39  36.4900   3.5322
RRR NA 1 NA 12.39  16.6924   1.5821
RRR NA 0 NA 12.49  36.1450   3.5399
RRR NA 1 NA 12.49  17.0807   1.6450
RRR NA 0 NA 12.59  36.1913   3.4455
RRR NA 1 NA 12.59  17.1490   1.5993
RRR NA 0 NA 12.69  36.4764   3.6076
RRR NA 1 NA 12.69  16.7464   1.6314
RRR NA 0 NA 12.80  36.3701   3.5124
RRR NA 1 NA 12.80  16.6906   1.5668
RRR NA 0 NA 12.90  36.1282   3.5427
RRR NA 1 NA 12.90  16.7218   1.6780
RRR NA 0 NA 13.00  36.2290   3.6536
RRR NA 1 NA 13.00  17.2318   1.5668
RRR NA 0 NA 13.10  36.6478   3.8184
RRR NA 1 NA 13.10  17.4784   1.7077
RRR NA 0 NA 13.20  36.2642   3.8565
RRR NA 1 NA 13.20  17.5814   1.5817
RRR NA 0 NA 13.30  36.1962   3.8497
RRR NA 1 NA 13.30  17.3101   1.7047
RRR NA 0 NA 13.40  36.2002   3.8149
RRR NA 1 NA 13.40  17.5555   1.5799
RRR NA 0 NA 13.50  36.0924   3.8108
RRR NA 1 NA 13.50  17.6547   1.6722
RRR NA 0 NA 13.60  36.1970   3.8133
RRR NA 1 NA 13.60  17.5191   1.5792
RRR NA 0 NA 13.70  36.5870   3.8166
RRR NA 1 NA 13.70  17.5626   1.7070
RRR NA 0 NA 13.80  36.2648   3.8164
RRR NA 1 NA 13.80  17.4505   1.5804
RRR NA 0 NA 13.90  36.1823   3.8489
RRR NA 1 NA 13.90  17.5942   1.6724
RRR NA 0 NA 14.00  36.2728   3.8064
RRR NA 1 NA 14.00  17.8328   1.5923
RRR NA 0 NA 14.10  36.5713   3.6700
RRR NA 1 NA 14.10  16.5642   1.6255
RRR NA 0 NA 14.21  36.3008   3.5759
RRR NA 1 NA 14.21  16.5658   1.6261
RRR NA 0 NA 14.31  36.1724   3.7012
RRR NA 1 NA 14.31  17.0000   1.6450
RRR NA 0 NA 14.41  36.4933   3.5771
RRR NA 1 NA 14.41  16.6587   1.5846
RRR NA 0 NA 14.51  36.1926   3.4411
RRR NA 1 NA 14.51  17.1852   1.6325
RRR NA 0 NA 14.61  36.1431   3.5687
RRR NA 1 NA 14.61  16.9724   1.5979
RRR NA 0 NA 14.71  36.7224   3.4626
RRR NA 1 NA 14.71  17.3012   1.5990
RRR NA 0 NA 14.81  36.5276   3.5568
RRR NA 1 NA 14.81  16.8359   1.6438
RRR NA 0 NA 14.91  36.2766   3.6159
RRR NA 1 NA 14.91  16.6834   1.6308
RRR NA 0 NA 15.01  36.1945   3.6779
RRR NA 1 NA 15.01  17.4039   1.6119
RRR NA 0 NA 15.11  36.5945   3.8530
RRR NA 1 NA 15.11  17.3673   1.6107
RRR NA 0 NA 15.21  36.2955   3.7774
RRR NA 1 NA 15.21  17.5413   1.6440
RRR NA 0 NA 15.31  36.3307   3.8159
RRR NA 1 NA 15.31  17.5638   1.5500
RRR NA 0 NA 15.41  36.1874   3.7870
RRR NA 1 NA 15.41  19.2411   1.6099
RRR NA 0 NA 15.52  36.2403   2.4078
RRR NA 1 NA 15.52  17.7853   1.5944
RRR NA 0 NA 15.62  36.5771   2.4174
RRR NA 1 NA 15.62  17.5183   1.5618
RRR NA 0 NA 15.72  36.2736   2.4174
RRR NA 1 NA 15.72  17.5140   1.6268
RRR NA 0 NA 15.82  36.5926   2.3020
RRR NA 1 NA 15.82  17.5373   1.5762
RRR NA 0 NA 15.92  36.2501   2.2709
RRR NA 1 NA 15.92  17.7707   1.6258
RRR NA 0 NA 16.02  36.3275   2.9102
RRR NA 1 NA 16.02  17.8669   1.5451
RRR NA 0 NA 16.12  36.5782   2.4469
RRR NA 1 NA 16.12  17.4946   1.5774
RRR NA 0 NA 16.22  36.3196   2.5416
RRR NA 1 NA 16.22  17.6913   1.5958
RRR NA 0 NA 16.32  36.1710   2.4264
RRR NA 1 NA 16.32  17.3781   1.6716
RRR NA 0 NA 16.42  36.3083   2.4737
RRR NA 1 NA 16.42  17.4776   1.5635
RRR NA 0 NA 16.52  36.2489   2.2389
RRR NA 1 NA 16.52  17.7435   1.6254
RRR NA 0 NA 16.62  36.6070   2.2741
RRR NA 1 NA 16.62  17.5333   1.5622
RRR NA 0 NA 16.72  36.2869   2.2520
RRR NA 1 NA 16.72  17.5065   1.5938
RRR NA 0 NA 16.82  36.1936   2.3462
RRR NA 1 NA 16.82  17.6970   1.6082
RRR NA 0 NA 16.93  36.1793   2.4121
RRR NA 1 NA 16.93  17.4790   1.5779
RRR NA 0 NA 17.03  36.6435   2.6095
RRR NA 1 NA 17.03  17.5463   1.5781
RRR NA 0 NA 17.13  36.3212   2.3497
RRR NA 1 NA 17.13  17.5131   1.6589
RRR NA 0 NA 17.23  36.1845   2.3347
RRR NA 1 NA 17.23  17.4926   1.5929
RRR NA 0 NA 17.33  36.2324   3.3287
RRR NA 1 NA 17.33  17.7100   1.5942
RRR NA 0 NA 17.43  36.6296   3.7785
RRR NA 1 NA 17.43  17.5505   1.6270
RRR NA 0 NA 17.53  36.2307   3.8376
RRR NA 1 NA 17.53  17.3510   1.6093
RRR NA 0 NA 17.63  36.2885   3.8014
RRR NA 1 NA 17.63  17.5048   1.6254
RRR NA 0 NA 17.73  36.1986   3.7510
RRR NA 1 NA 17.73  17.7718   1.6417
RRR NA 0 NA 17.83  36.6148   3.7243
RRR NA 1 NA 17.83  17.4920   1.6104
RRR NA 0 NA 17.93  38.0413   3.7847
RRR NA 1 NA 17.93  23.5885   2.1516
RRR NA 0 NA 18.03  38.4847   3.8048
RRR NA 1 NA 18.03  17.9149   2.3813
RRR NA 0 NA 18.13  36.2586   3.7738
RRR NA 1 NA 18.13  16.6075   1.6550
RRR NA 0 NA 18.24  36.2179   3.8090
RRR NA 1 NA 18.24  16.7555   1.7273
RRR NA 0 NA 18.34  36.5833   3.8442
RRR NA 1 NA 18.34  16.7216   1.6601
RRR NA 0 NA 18.44  36.2261   3.8084
RRR NA 1 NA 18.44  16.7252   1.7869
RRR NA 0 NA 18.54  36.2229   3.8104
RRR NA 1 NA 18.54  16.9591   1.5956
RRR NA 0 NA 18.64  36.5093   3.8392
RRR NA 1 NA 18.64  16.6941   1.6839
RRR NA 0 NA 18.74  36.1997   3.8448
RRR NA 1 NA 18.74  16.7707   1.6232
RRR NA 0 NA 18.84  36.1721   3.8082
RRR NA 1 NA 18.84  16.9348   1.7466
RRR NA 0 NA 18.94  36.5438   3.8461
RRR NA 1 NA 18.94  16.7204   1.6609
RRR NA 0 NA 19.04  36.2650   3.8074
RRR NA 1 NA 19.04  16.8149   1.6598
RRR NA 0 NA 19.14  36.2060   3.8086
RRR NA 1 NA 19.14  16.9540   1.6584
RRR NA 0 NA 19.24  36.3090   3.8128
RRR NA 1 NA 19.24  16.5140   1.6287
RRR NA 0 NA 19.34  36.5877   3.8477
RRR NA 1 NA 19.34  16.4592   1.6426
RRR NA 0 NA 19.44  36.2694   3.8474
RRR NA 1 NA 19.44  16.5374   1.8642
RRR NA 0 NA 19.55  36.2482   3.7321
RRR NA 1 NA 19.55  16.5346   1.6173
RRR NA 0 NA 19.65  36.2615   3.7718
RRR NA 1 NA 19.65  16.7481   1.7302
RRR NA 0 NA 19.75  36.6239   3.8478
RRR NA 1 NA 19.75  16.5585   1.8033
RRR NA 0 NA 19.85  36.2525   3.8111
RRR NA 1 NA 19.85  16.5240   1.7599
RRR NA 0 NA 19.95  36.2337   3.6961
RRR NA 1 NA 19.95  16.7344   1.6673
RRR NA 0 NA 20.05  36.3132   3.7712
RRR NA 1 NA 20.05  16.9710   1.7365
RRR NA 0 NA 20.15  36.6152   3.8084
RRR NA 1 NA 20.15  16.5884   1.7206
RRR NA 0 NA 20.25  36.2166   3.8000
RRR NA 1 NA 20.25  16.6512   1.8539
RRR NA 0 NA 20.35  36.2068   3.8043
RRR NA 1 NA 20.35  16.9571   1.7333
RRR NA 0 NA 20.45  37.7011   3.8406
RRR NA 1 NA 20.45  19.1676   2.7257
RRR NA 0 NA 20.55  36.4291   3.8049
RRR NA 1 NA 20.55  16.6270   1.6549
RRR NA 0 NA 20.65  36.2590   3.7300
RRR NA 1 NA 20.65  16.9392   1.6834
RRR NA 0 NA 20.76  36.5539   3.7654
RRR NA 1 NA 20.76  16.7619   1.7047
RRR NA 0 NA 20.86  36.3768   3.8045
RRR NA 1 NA 20.86  16.7133   1.8236
RRR NA 0 NA 20.96  36.2436   3.8042
RRR NA 1 NA 20.96  16.9273   1.6940
RRR NA 0 NA 21.06  36.9301   3.8047
RRR NA 1 NA 21.06  16.8153   1.6605
RRR NA 0 NA 21.16  36.7675   3.8105
RRR NA 1 NA 21.16  16.5487   1.6019
RRR NA 0 NA 21.26  36.3162   3.7709
RRR NA 1 NA 21.26  16.9292   1.9521
RRR NA 0 NA 21.36  36.1644   3.7653
RRR NA 1 NA 21.36  16.6383   1.8908
RRR NA 0 NA 21.46  38.0887   3.8049
RRR NA 1 NA 21.46  17.0159   1.5952
RRR NA 0 NA 21.56  36.2824   3.8091
RRR NA 1 NA 21.56  16.8442   1.6965
RRR NA 0 NA 21.66  36.2571   3.8436
RRR NA 1 NA 21.66  16.7296   1.9366
RRR NA 0 NA 21.76  36.1602   3.7679
RRR NA 1 NA 21.76  16.9912   1.8083
RRR NA 0 NA 21.86  36.6130   3.8432
RRR NA 1 NA 21.86  16.7616   1.9266
RRR NA 0 NA 21.96  36.2153   3.7654
RRR NA 1 NA 21.96  17.0277   1.8323
RRR NA 0 NA 22.07  36.2701   1.9928
RRR NA 1 NA 22.07  16.5871   1.5591
RRR NA 0 NA 22.17  36.6584   1.5961
RRR NA 1 NA 22.17  16.3930   1.5755
RRR NA 0 NA 22.27  36.2987   1.5810
RRR NA 1 NA 22.27  16.4232   1.5456
RRR NA 0 NA 22.37  36.2729   1.5799
RRR NA 1 NA 22.37  16.3393   1.5758
RRR NA 0 NA 22.47  36.2359   1.5789
RRR NA 1 NA 22.47  16.4201   1.5890
RRR NA 0 NA 22.57  36.2273   1.5802
RRR NA 1 NA 22.57  16.3427   1.5762
RRR NA 0 NA 22.67  36.6122   1.5958
RRR NA 1 NA 22.67  16.3346   1.5591
RRR NA 0 NA 22.77  36.2514   1.5783
RRR NA 1 NA 22.77  16.2655   1.5748
RRR NA 0 NA 22.87  36.2126   1.5320
RRR NA 1 NA 22.87  16.4596   1.5744
RRR NA 0 NA 22.97  37.8001   1.5812
RRR NA 1 NA 22.97  16.5918   1.6088
RRR NA 0 NA 23.07  36.6706   1.5941
RRR NA 1 NA 23.07  16.3245   1.5592
RRR NA 0 NA 23.17  36.2854   1.5815
RRR NA 1 NA 23.17  16.3849   1.5926
RRR NA 0 NA 23.27  36.2100   1.5939
RRR NA 1 NA 23.27  16.5355   1.5899
RRR NA 0 NA 23.37  36.2117   1.5806
RRR NA 1 NA 23.37  16.3021   1.5597
RRR NA 0 NA 23.48  36.2966   1.5788
RRR NA 1 NA 23.48  16.3019   1.5594
RRR NA 0 NA 23.58  36.5940   1.6269
RRR NA 1 NA 23.58  16.8612   1.5442
RRR NA 0 NA 23.68  36.2769   1.5791
RRR NA 1 NA 23.68  16.2810   1.5595
RRR NA 0 NA 23.78  36.2227   1.5803
RRR NA 1 NA 23.78  16.2805   1.5762
RRR NA 0 NA 23.88  36.2248   1.5790
RRR NA 1 NA 23.88  16.3009   1.5425
RRR NA 0 NA 23.98  36.7065   1.6247
RRR NA 1 NA 23.98  17.0136   1.5773
RRR NA 0 NA 24.08  36.3085   3.7332
RRR NA 1 NA 24.08  17.7261   1.6249
RRR NA 0 NA 24.18  36.2493   2.7489
RRR NA 1 NA 24.18  16.6667   1.5788
RRR NA 0 NA 24.28  36.5684   2.6020
RRR NA 1 NA 24.28  16.6899   1.6110
RRR NA 0 NA 24.38  36.1736   2.5451
RRR NA 1 NA 24.38  16.8067   1.6120
RRR NA 0 NA 24.48  36.2402   2.4171
RRR NA 1 NA 24.48  17.5107   1.6305
RRR NA 0 NA 24.58  36.1638   2.5519
RRR NA 1 NA 24.58  17.3187   1.5838
RRR NA 0 NA 24.68  37.8248   2.9054
RRR NA 1 NA 24.68  18.1080   1.7394
RRR NA 0 NA 24.79  36.2262   2.6154
RRR NA 1 NA 24.79  17.0790   1.5830
RRR NA 0 NA 24.89  36.3185   2.5620
RRR NA 1 NA 24.89  16.9013   1.6490
RRR NA 0 NA 24.99  37.2711   3.1957
RRR NA 1 NA 24.99  16.9080   1.5659
RRR NA 0 NA 25.09  36.3231   3.7044
RRR NA 1 NA 25.09  17.4071   1.7073
RRR NA 0 NA 25.19  36.6265   3.6182
RRR NA 1 NA 25.19  17.4875   1.5782
RRR NA 0 NA 25.29  36.2878   3.4906
RRR NA 1 NA 25.29  17.3776   1.6591
RRR NA 0 NA 25.39  36.2304   3.6201
RRR NA 1 NA 25.39  18.6339   1.6408
RRR NA 0 NA 25.49  36.2571   3.6909
RRR NA 1 NA 25.49  17.9558   1.6731
RRR NA 0 NA 25.59  36.3098   3.7523
RRR NA 1 NA 25.59  17.1744   1.5804
RRR NA 0 NA 25.69  36.6534   3.5990
RRR NA 1 NA 25.69  17.1957   1.6560
RRR NA 0 NA 25.79  36.3769   3.7268
RRR NA 1 NA 25.79  17.3816   1.5961
RRR NA 0 NA 25.89  36.2524   3.6126
RRR NA 1 NA 25.89  17.3076   1.6727
RRR NA 0 NA 25.99  36.4429   3.7457
RRR NA 1 NA 25.99  17.6156   1.5797
RRR NA 0 NA 26.09  36.7365   3.7459
RRR NA 1 NA 26.09  16.5675   1.6110
RRR NA 0 NA 26.20  36.6162   3.7722
RRR NA 1 NA 26.20  16.5700   1.6408
RRR NA 0 NA 26.30  36.2495   3.6891
RRR NA 1 NA 26.30  16.7889   1.6273
RRR NA 0 NA 26.40  36.2052   3.7395
RRR NA 1 NA 26.40  16.7226   1.5521
RRR NA 0 NA 26.50  36.2669   3.8108
RRR NA 1 NA 26.50  17.1758   1.6465
RRR NA 0 NA 26.60  36.6355   3.7515
RRR NA 1 NA 26.60  16.9829   1.6008
RRR NA 0 NA 26.70  36.2728   3.7739
RRR NA 1 NA 26.70  16.7458   1.6607
RRR NA 0 NA 26.80  36.2246   3.7552
RRR NA 1 NA 26.80  16.6690   1.5840
RRR NA 0 NA 26.90  36.5611   3.7426
RRR NA 1 NA 26.90  16.7845   1.6294
RRR NA 0 NA 27.00  36.2705   3.6958
RRR NA 1 NA 27.00  17.1825   1.5955
RRR NA 0 NA 27.10  36.2144   3.6284
RRR NA 1 NA 27.10  16.6946   1.6104
RRR NA 0 NA 27.20  36.2396   3.7308
RRR NA 1 NA 27.20  17.0486   1.5624
RRR NA 0 NA 27.30  36.5394   3.7980
RRR NA 1 NA 27.30  16.8930   1.6247
RRR NA 0 NA 27.40  36.2179   3.6897
RRR NA 1 NA 27.40  17.1501   1.5618
RRR NA 0 NA 27.51  36.3190   3.7214
RRR NA 1 NA 27.51  16.8803   1.6574
RRR NA 0 NA 27.61  36.3045   3.6619
RRR NA 1 NA 27.61  16.9998   1.5797
RRR NA 0 NA 27.71  36.6630   3.7765
RRR NA 1 NA 27.71  16.9970   1.6923
RRR NA 0 NA 27.81  36.2634   3.6950
RRR NA 1 NA 27.81  17.0715   1.6575
RRR NA 0 NA 27.91  36.2330   3.7103
RRR NA 1 NA 27.91  16.9175   1.5943
RRR NA 0 NA 28.01  36.3209   3.8125
RRR NA 1 NA 28.01  17.2314   1.6106
RRR NA 0 NA 28.11  36.7815   3.7435
RRR NA 1 NA 28.11  16.5757   1.6102
RRR NA 0 NA 28.21  36.2922   3.7228
RRR NA 1 NA 28.21  16.7534   1.6242
RRR NA 0 NA 28.31  36.2242   3.6879
RRR NA 1 NA 28.31  16.6317   1.6152
RRR NA 0 NA 28.41  36.6024   3.7756
RRR NA 1 NA 28.41  16.7630   1.6452
RRR NA 0 NA 28.51  36.3018   3.7706
RRR NA 1 NA 28.51  17.1531   1.5841
RRR NA 0 NA 28.61  36.2574   3.8064
RRR NA 1 NA 28.61  16.7718   1.6944
RRR NA 0 NA 28.71  36.2077   3.7614
RRR NA 1 NA 28.71  16.7647   1.5823
RRR NA 0 NA 28.82  36.5392   3.7055
RRR NA 1 NA 28.82  16.9849   1.7220
RRR NA 0 NA 28.92  36.1995   3.7575
RRR NA 1 NA 28.92  16.6270   1.5969
RRR NA 0 NA 29.02  36.6713   3.8377
RRR NA 1 NA 29.02  16.8932   1.6748
RRR NA 0 NA 29.12  36.2420   3.7950
RRR NA 1 NA 29.12  16.9674   1.5944
RRR NA 0 NA 29.22  36.1899   3.7137
RRR NA 1 NA 29.22  16.7546   1.6891
RRR NA 0 NA 29.32  36.0711   3.6645
RRR NA 1 NA 29.32  16.6673   1.5768
RRR NA 0 NA 29.42  36.6328   3.6941
RRR NA 1 NA 29.42  16.7471   1.7224
RRR NA 0 NA 29.52  36.1763   3.6911
RRR NA 1 NA 29.52  16.8505   1.5628
RRR NA 0 NA 29.62  36.1657   3.6987
RRR NA 1 NA 29.62  16.7764   1.6560
RRR NA 0 NA 29.72  36.2197   3.6450
RRR NA 1 NA 29.72  17.0583   1.5789
RRR NA 0 NA 29.82  36.5925   3.7154
RRR NA 1 NA 29.82  16.9568   1.6737
RRR NA 0 NA 29.92  36.2754   3.6993
RRR NA 1 NA 29.92  17.0817   1.5779
RRR NA 0 NA 30.03  36.3419   3.8024
RRR NA 1 NA 30.03  17.1709   1.6257
RRR NA 0 NA 30.13  36.2870   3.6843
RRR NA 1 NA 30.13  16.5322   1.5791
RRR NA 0 NA 30.23  36.6738   3.7664
RRR NA 1 NA 30.23  16.6519   1.6890
RRR NA 0 NA 30.33  36.3484   3.7520
RRR NA 1 NA 30.33  17.0066   1.5820
RRR NA 0 NA 30.43  36.2441   3.8328
RRR NA 1 NA 30.43  19.0769   1.7230
RRR NA 0 NA 30.53  36.5850   3.8113
RRR NA 1 NA 30.53  16.9845   1.5677
RRR NA 0 NA 30.63  36.2611   3.7893
RRR NA 1 NA 30.63  16.9500   1.6305
RRR NA 0 NA 30.73  36.3829   3.7759
RRR NA 1 NA 30.73  16.7587   1.5540
RRR NA 0 NA 30.83  36.2323   3.7200
RRR NA 1 NA 30.83  16.6286   1.6941
RRR NA 0 NA 30.93  36.2152   3.6513
RRR NA 1 NA 30.93  16.8992   1.5511
RRR NA 0 NA 31.03  36.6622   3.8498
RRR NA 1 NA 31.03  16.6465   1.6748
RRR NA 0 NA 31.13  36.4034   3.8093
RRR NA 1 NA 31.13  17.1300   1.6291
RRR NA 0 NA 31.23  36.1570   3.8078
RRR NA 1 NA 31.23  16.9015   1.6907
RRR NA 0 NA 31.33  36.1868   3.7275
RRR NA 1 NA 31.33  16.9473   1.5621
RRR NA 0 NA 31.44  36.1697   3.7269
RRR NA 1 NA 31.44  17.0737   1.5953
RRR NA 0 NA 31.54  36.5927   3.7474
RRR NA 1 NA 31.54  16.9490   1.5937
RRR NA 0 NA 31.64  36.1660   3.7226
RRR NA 1 NA 31.64  16.9942   1.7513
RRR NA 0 NA 31.74  36.2546   3.7748
RRR NA 1 NA 31.74  16.9156   1.5784
RRR NA 0 NA 31.84  36.5180   3.6962
RRR NA 1 NA 31.84  17.0330   1.6555
RRR NA 0 NA 31.94  36.2400   3.7312
RRR NA 1 NA 31.94  17.0127   1.5960
RRR NA 0 NA 32.04  36.3180   3.7660
RRR NA 1 NA 32.04  17.3909   1.6549
RRR NA 0 NA 32.14  36.1633   3.8075
RRR NA 1 NA 32.14  16.5114   1.6642
RRR NA 0 NA 32.24  36.5207   3.8078
RRR NA 1 NA 32.24  16.5609   1.7271
RRR NA 0 NA 32.34  36.0754   3.8422
RRR NA 1 NA 32.34  16.9262   1.7099
RRR NA 0 NA 32.44  36.0433   3.8053
RRR NA 1 NA 32.44  16.7302   1.7444
RRR NA 0 NA 32.54  36.0855   3.8057
RRR NA 1 NA 32.54  16.6454   1.6164
RRR NA 0 NA 32.64  36.4906   3.8482
RRR NA 1 NA 32.64  16.7812   1.7169
RRR NA 0 NA 32.75  36.1303   3.8080
RRR NA 1 NA 32.75  16.8739   1.6175
RRR NA 0 NA 32.85  36.0323   3.8050
RRR NA 1 NA 32.85  16.6993   1.6300
RRR NA 0 NA 32.95  36.5150   3.8069
RRR NA 1 NA 32.95  16.8512   1.8359
RRR NA 0 NA 33.05  36.2626   3.8448
RRR NA 1 NA 33.05  16.8886   1.7308
RRR NA 0 NA 33.15  36.1833   3.6918
RRR NA 1 NA 33.15  16.9139   1.6683
RRR NA 0 NA 33.25  36.1757   3.7696
RRR NA 1 NA 33.25  16.5214   1.7044
RRR NA 0 NA 33.35  36.1507   3.7718
RRR NA 1 NA 33.35  16.5012   1.6130
RRR NA 0 NA 33.45  36.4518   3.8455
RRR NA 1 NA 33.45  16.6409   1.7718
RRR NA 0 NA 33.55  36.1755   3.8139
RRR NA 1 NA 33.55  16.7226   1.6383
RRR NA 0 NA 33.65  36.1606   3.7735
RRR NA 1 NA 33.65  16.4902   1.7584
RRR NA 0 NA 33.75  36.0508   3.7686
RRR NA 1 NA 33.75  16.5560   1.7060
RRR NA 0 NA 33.85  36.4915   3.8439
RRR NA 1 NA 33.85  16.5290   1.7809
RRR NA 0 NA 33.95  36.1393   3.8115
RRR NA 1 NA 33.95  16.8371   1.6747
RRR NA 0 NA 34.06  36.5886   3.8066
RRR NA 1 NA 34.06  16.9397   1.6782
RRR NA 0 NA 34.16  36.1138   3.8083
RRR NA 1 NA 34.16  16.7379   1.6094
RRR NA 0 NA 34.26  36.4530   3.8406
RRR NA 1 NA 34.26  16.7595   1.6979
RRR NA 0 NA 34.36  36.1659   3.7648
RRR NA 1 NA 34.36  16.9126   1.6327
RRR NA 0 NA 34.46  36.1574   3.8052
RRR NA 1 NA 34.46  16.7404   1.7263
RRR NA 0 NA 34.56  36.2418   3.8152
RRR NA 1 NA 34.56  16.7535   1.6973
RRR NA 0 NA 34.66  36.4969   3.8479
RRR NA 1 NA 34.66  16.8625   1.8102
RRR NA 0 NA 34.76  36.2108   3.7771
RRR NA 1 NA 34.76  16.6544   1.6531
RRR NA 0 NA 34.86  36.1625   3.8466
RRR NA 1 NA 34.86  16.8003   1.6709
RRR NA 0 NA 34.96  36.1382   3.8123
RRR NA 1 NA 34.96  16.5386   1.5810
RRR NA 0 NA 35.06  36.2036   3.6966
RRR NA 1 NA 35.06  16.6803   1.7476
RRR NA 0 NA 35.16  36.1271   3.8043
RRR NA 1 NA 35.16  16.5520   1.6562
RRR NA 0 NA 35.26  36.5604   3.8438
RRR NA 1 NA 35.26  16.7131   1.9052
RRR NA 0 NA 35.37  36.1752   3.8426
RRR NA 1 NA 35.37  16.5311   1.7275
RRR NA 0 NA 35.47  36.2173   3.8050
RRR NA 1 NA 35.47  18.3303   1.6436
RRR NA 0 NA 35.57  36.7226   3.8474
RRR NA 1 NA 35.57  16.8511   1.7163
RRR NA 0 NA 35.67  36.1142   3.8081
RRR NA 1 NA 35.67  16.9390   1.6102
RRR NA 0 NA 35.77  36.1525   3.8446
RRR NA 1 NA 35.77  16.7850   1.7059
RRR NA 0 NA 35.87  36.1068   3.7721
RRR NA 1 NA 35.87  16.7431   1.6697
RRR NA 0 NA 35.97  36.4016   3.8443
RRR NA 1 NA 35.97  17.1533   1.5971
RRR NA 0 NA 36.07  36.2673   2.0063
RRR NA 1 NA 36.07  16.5567   1.5934
RRR NA 0 NA 36.17  36.0798   1.5798
RRR NA 1 NA 36.17  16.3684   1.5749
RRR NA 0 NA 36.27  36.0414   1.5640
RRR NA 1 NA 36.27  16.4040   1.5760
RRR NA 0 NA 36.37  36.0619   1.5799
RRR NA 1 NA 36.37  16.3419   1.5754
RRR NA 0 NA 36.47  36.4291   1.5945
RRR NA 1 NA 36.47  16.3388   1.5902
RRR NA 0 NA 36.57  36.1532   1.5795
RRR NA 1 NA 36.57  16.4963   1.5902
RRR NA 0 NA 36.67  35.9677   1.5778
RRR NA 1 NA 36.67  16.2640   1.5578
RRR NA 0 NA 36.78  36.4548   1.5947
RRR NA 1 NA 36.78  16.3368   1.5906
RRR NA 0 NA 36.88  36.0815   1.5944
RRR NA 1 NA 36.88  16.4866   1.5899
RRR NA 0 NA 36.98  36.0144   1.5773
RRR NA 1 NA 36.98  16.3476   1.5735
RRR NA 0 NA 37.08  36.1611   1.5802
RRR NA 1 NA 37.08  16.3430   1.5917
RRR NA 0 NA 37.18  36.4754   1.5955
RRR NA 1 NA 37.18  16.5327   1.5907
RRR NA 0 NA 37.28  36.1317   1.5793
RRR NA 1 NA 37.28  16.4207   1.5445
RRR NA 0 NA 37.38  36.0878   1.5793
RRR NA 1 NA 37.38  16.3343   1.5750
RRR NA 0 NA 37.48  36.1231   1.5780
RRR NA 1 NA 37.48  16.2838   1.5901
RRR NA 0 NA 37.58  36.6040   1.5984
RRR NA 1 NA 37.58  16.5258   1.5929
RRR NA 0 NA 37.68  36.1483   1.5947
RRR NA 1 NA 37.68  16.2905   1.5744
RRR NA 0 NA 37.78  36.1342   1.5933
RRR NA 1 NA 37.78  16.3498   1.5577
RRR NA 0 NA 37.88  36.1034   1.5805
RRR NA 1 NA 37.88  16.3937   1.5767
RRR NA 0 NA 37.98  36.2486   1.7160
RRR NA 1 NA 37.98  17.2458   1.5950
RRR NA 0 NA 38.09  36.5368   3.6064
RRR NA 1 NA 38.09  17.4250   1.6418
RRR NA 0 NA 38.19  36.1621   2.8518
RRR NA 1 NA 38.19  16.6746   1.5785
RRR NA 0 NA 38.29  36.0734   2.5296
RRR NA 1 NA 38.29  16.6838   1.6440
RRR NA 0 NA 38.39  36.0123   2.7441
RRR NA 1 NA 38.39  17.0870   1.5980
RRR NA 0 NA 38.49  36.5772   2.7924
RRR NA 1 NA 38.49  17.1837   1.6168
RRR NA 0 NA 38.59  36.1679   2.5811
RRR NA 1 NA 38.59  17.0526   1.5831
RRR NA 0 NA 38.69  36.0583   2.6374
RRR NA 1 NA 38.69  16.8313   1.6296
RRR NA 0 NA 38.79  36.4362   2.5289
RRR NA 1 NA 38.79  17.0893   1.5842
RRR NA 0 NA 38.89  36.1146   2.4792
RRR NA 1 NA 38.89  16.8015   1.6138
RRR NA 0 NA 38.99  36.1797   2.8870
RRR NA 1 NA 38.99  17.1385   1.5673
RRR NA 0 NA 39.09  36.1022   3.7336
RRR NA 1 NA 39.09  17.3997   1.6568
RRR NA 0 NA 39.19  36.2611   3.7159
RRR NA 1 NA 39.19  17.5992   1.6598
RRR NA 0 NA 39.29  36.5564   3.5889
RRR NA 1 NA 39.29  17.6796   1.6914
RRR NA 0 NA 39.40  36.1237   3.4305
RRR NA 1 NA 39.40  17.5221   1.5617
RRR NA 0 NA 39.50  36.0968   3.5029
RRR NA 1 NA 39.50  17.4419   1.6261
RRR NA 0 NA 39.60  36.0789   3.5977
RRR NA 1 NA 39.60  17.3635   1.6877
RRR NA 0 NA 39.70  37.1013   3.5219
RRR NA 1 NA 39.70  17.9271   1.6446
RRR NA 0 NA 39.80  36.1425   3.5424
RRR NA 1 NA 39.80  17.4805   1.6271
RRR NA 0 NA 39.90  36.1112   3.4219
RRR NA 1 NA 39.90  17.2906   1.6103
RRR NA 0 NA 40.00  36.1844   3.5663
RRR NA 1 NA 40.00  17.7180   1.6100
RRR NA 0 NA 40.10  36.1933   2.8127
RRR NA 1 NA 40.10  16.8302   1.6581
RRR NA 0 NA 40.20  36.5580   2.6311
RRR NA 1 NA 40.20  16.7629   1.5785
RRR NA 0 NA 40.30  36.2902   2.8328
RRR NA 1 NA 40.30  16.8647   1.6324
RRR NA 0 NA 40.40  37.2317   3.5863
RRR NA 1 NA 40.40  16.7729   1.6129
RRR NA 0 NA 40.50  36.1892   3.8101
RRR NA 1 NA 40.50  19.5190   1.5991
RRR NA 0 NA 40.60  36.4686   3.6110
RRR NA 1 NA 40.60  16.9402   1.5668
RRR NA 0 NA 40.70  36.1333   3.6133
RRR NA 1 NA 40.70  16.8682   1.5977
RRR NA 0 NA 40.81  36.1237   3.6500
RRR NA 1 NA 40.81  16.7780   1.6630
RRR NA 0 NA 40.91  36.4607   3.6196
RRR NA 1 NA 40.91  16.7778   1.5996
RRR NA 0 NA 41.01  36.2015   3.7098
RRR NA 1 NA 41.01  16.9296   1.6593
RRR NA 0 NA 41.11  36.4152   3.5000
RRR NA 1 NA 41.11  16.9814   1.5624
RRR NA 0 NA 41.21  36.2047   3.5786
RRR NA 1 NA 41.21  17.3279   1.6895
RRR NA 0 NA 41.31  36.5116   3.6440
RRR NA 1 NA 41.31  17.0618   1.5937
RRR NA 0 NA 41.41  36.1385   3.5203
RRR NA 1 NA 41.41  17.0807   1.6420
RRR NA 0 NA 41.51  36.0914   3.5560
RRR NA 1 NA 41.51  17.0446   1.5777
RRR NA 0 NA 41.61  36.1612   3.5223
RRR NA 1 NA 41.61  17.0308   1.6741
RRR NA 0 NA 41.71  36.4981   3.6534
RRR NA 1 NA 41.71  17.1309   1.5948
RRR NA 0 NA 41.81  36.2037   3.6543
RRR NA 1 NA 41.81  17.3147   1.6279
RRR NA 0 NA 41.91  36.1138   3.6119
RRR NA 1 NA 41.91  16.9357   1.5622
RRR NA 0 NA 42.01  36.1892   3.6836
RRR NA 1 NA 42.01  17.3169   1.6737
RRR NA 0 NA 42.12  36.5244   3.7186
RRR NA 1 NA 42.12  16.6972   1.5625
RRR NA 0 NA 42.22  36.1522   3.6886
RRR NA 1 NA 42.22  16.5611   1.5943
RRR NA 0 NA 42.32  36.1018   3.5981
RRR NA 1 NA 42.32  16.6779   1.5828
RRR NA 0 NA 42.42  36.1640   3.6923
RRR NA 1 NA 42.42  16.7331   1.6500
RRR NA 0 NA 42.52  36.1095   3.6456
RRR NA 1 NA 42.52  17.0218   1.5839
RRR NA 0 NA 42.62  36.4319   3.6990
RRR NA 1 NA 42.62  17.0735   1.6598
RRR NA 0 NA 42.72  36.0753   3.5266
RRR NA 1 NA 42.72  16.7091   1.5816
RRR NA 0 NA 42.82  36.3762   3.6857
RRR NA 1 NA 42.82  16.7252   1.7398
RRR NA 0 NA 42.92  36.1419   3.6817
RRR NA 1 NA 42.92  16.9842   1.5684
RRR NA 0 NA 43.02  36.4849   3.6981
RRR NA 1 NA 43.02  17.0885   1.6575
RRR NA 0 NA 43.12  36.1474   3.6538
RRR NA 1 NA 43.12  16.9943   1.6115
RRR NA 0 NA 43.22  36.3662   3.6933
RRR NA 1 NA 43.22  17.0138   1.6905
RRR NA 0 NA 43.32  36.5148   3.6126
RRR NA 1 NA 43.32  17.1778   1.5784
RRR NA 0 NA 43.43  36.1887   3.5872
RRR NA 1 NA 43.43  17.3542   1.6429
RRR NA 0 NA 43.53  36.0634   3.4423
RRR NA 1 NA 43.53  16.8271   1.5931
RRR NA 0 NA 43.63  36.4437   3.4798
RRR NA 1 NA 43.63  17.0041   1.7035
RRR NA 0 NA 43.73  36.1046   3.3831
RRR NA 1 NA 43.73  17.0196   1.5778
RRR NA 0 NA 43.83  36.1263   3.6061
RRR NA 1 NA 43.83  17.1133   1.6894
RRR NA 0 NA 43.93  36.1102   3.5110
RRR NA 1 NA 43.93  16.9277   1.5934
RRR NA 0 NA 44.03  36.6392   3.8198
RRR NA 1 NA 44.03  17.3086   1.7218
RRR NA 0 NA 44.13  36.1550   3.6567
RRR NA 1 NA 44.13  16.7729   1.5941
RRR NA 0 NA 44.23  36.0897   3.5725
RRR NA 1 NA 44.23  16.5887   1.6391
RRR NA 0 NA 44.33  36.0242   3.6957
RRR NA 1 NA 44.33  16.7156   1.5979
RRR NA 0 NA 44.43  36.5294   3.6768
RRR NA 1 NA 44.43  16.9466   1.6472
RRR NA 0 NA 44.53  36.0610   3.7027
RRR NA 1 NA 44.53  17.0393   1.5983
RRR NA 0 NA 44.63  36.0597   3.4845
RRR NA 1 NA 44.63  16.6777   1.6610
RRR NA 0 NA 44.74  37.0711   3.6820
RRR NA 1 NA 44.74  17.2851   1.5697
RRR NA 0 NA 44.84  36.1256   3.7269
RRR NA 1 NA 44.84  16.7738   1.6799
RRR NA 0 NA 44.94  36.1498   3.6994
RRR NA 1 NA 44.94  16.6852   1.5868
RRR NA 0 NA 45.04  36.1423   3.7983
RRR NA 1 NA 45.04  16.9233   1.6574
RRR NA 0 NA 45.14  36.5117   3.6694
RRR NA 1 NA 45.14  17.1176   1.5767
RRR NA 0 NA 45.24  36.2024   3.7033
RRR NA 1 NA 45.24  17.0878   1.6753
RRR NA 0 NA 45.34  36.0939   3.6192
RRR NA 1 NA 45.34  17.0111   1.6090
RRR NA 0 NA 45.44  36.0570   3.5838
RRR NA 1 NA 45.44  17.9490   1.6721
RRR NA 0 NA 45.54  36.1902   3.7783
RRR NA 1 NA 45.54  17.8576   1.5831
RRR NA 0 NA 45.64  36.1919   3.8551
RRR NA 1 NA 45.64  16.5118   1.6459
RRR NA 0 NA 45.74  36.5357   3.8151
RRR NA 1 NA 45.74  16.7855   1.5960
RRR NA 0 NA 45.84  36.1574   3.8153
RRR NA 1 NA 45.84  16.4887   1.6279
RRR NA 0 NA 45.94  36.0918   3.8119
RRR NA 1 NA 45.94  16.4708   1.5645
RRR NA 0 NA 46.04  36.1533   3.8022
RRR NA 1 NA 46.04  17.0745   1.7005
RRR NA 0 NA 46.15  36.5343   3.8499
RRR NA 1 NA 46.15  16.7985   1.6023
RRR NA 0 NA 46.25  36.1370   3.8127
RRR NA 1 NA 46.25  17.0154   1.6332
RRR NA 0 NA 46.35  36.0769   3.7705
RRR NA 1 NA 46.35  16.7542   1.5990
RRR NA 0 NA 46.45  36.1064   3.7720
RRR NA 1 NA 46.45  16.7179   1.6460
RRR NA 0 NA 46.55  36.5798   3.7788
RRR NA 1 NA 46.55  16.7642   1.6024
RRR NA 0 NA 46.65  36.1314   3.7756
RRR NA 1 NA 46.65  16.9660   1.6597
RRR NA 0 NA 46.75  36.1757   3.7747
RRR NA 1 NA 46.75  17.1743   1.6111
RRR NA 0 NA 46.85  36.0573   3.7683
RRR NA 1 NA 46.85  16.4262   1.6245
RRR NA 0 NA 46.95  36.1070   3.8115
RRR NA 1 NA 46.95  16.4354   1.5789
RRR NA 0 NA 47.05  36.2156   3.8153
RRR NA 1 NA 47.05  16.7056   1.6274
RRR NA 0 NA 47.15  36.5446   3.8504
RRR NA 1 NA 47.15  16.7732   1.5800
RRR NA 0 NA 47.25  36.1139   3.7311
RRR NA 1 NA 47.25  16.5545   1.6243
RRR NA 0 NA 47.35  36.0419   3.8068
RRR NA 1 NA 47.35  16.5650   1.6714
RRR NA 0 NA 47.46  36.6517   3.8177
RRR NA 1 NA 47.46  16.5980   1.6414
RRR NA 0 NA 47.56  36.1451   3.8475
RRR NA 1 NA 47.56  16.8570   1.7321
RRR NA 0 NA 47.66  36.1994   3.8161
RRR NA 1 NA 47.66  16.4796   1.6028
RRR NA 0 NA 47.76  36.2063   3.8155
RRR NA 1 NA 47.76  16.5922   1.6128
RRR NA 0 NA 47.86  36.0680   3.7735
RRR NA 1 NA 47.86  16.5102   1.5773
RRR NA 0 NA 47.96  36.3609   3.8044
RRR NA 1 NA 47.96  19.5610   1.8403
RRR NA 0 NA 48.06  39.0475   3.7249
RRR NA 1 NA 48.06  19.5836   2.3065
RRR NA 0 NA 48.16  36.2126   3.8113
RRR NA 1 NA 48.16  16.7179   1.7429
RRR NA 0 NA 48.26  36.1222   3.8053
RRR NA 1 NA 48.26  16.6274   1.5637
RRR NA 0 NA 48.36  36.1357   3.7366
RRR NA 1 NA 48.36  16.8081   1.6171
RRR NA 0 NA 48.46  36.1896   3.7700
RRR NA 1 NA 48.46  16.7360   1.6154
RRR NA 0 NA 48.56  36.5268   3.8055
RRR NA 1 NA 48.56  16.8445   1.6780
RRR NA 0 NA 48.66  36.1201   3.8077
RRR NA 1 NA 48.66  16.7050   1.5856
RRR NA 0 NA 48.76  36.0731   3.7658
RRR NA 1 NA 48.76  16.7715   1.6146
RRR NA 0 NA 48.87  36.5298   3.8099
RRR NA 1 NA 48.87  16.9449   1.5850
RRR NA 0 NA 48.97  36.1261   3.7678
RRR NA 1 NA 48.97  16.7339   1.6766
RRR NA 0 NA 49.07  36.1723   3.8073
RRR NA 1 NA 49.07  16.6479   1.6108
RRR NA 0 NA 49.17  36.5249   3.8069
RRR NA 1 NA 49.17  16.7631   1.7826
RRR NA 0 NA 49.27  36.2292   3.8538
RRR NA 1 NA 49.27  16.7969   1.5964
RRR NA 0 NA 49.37  36.1880   3.8086
RRR NA 1 NA 49.37  16.8706   1.7364
RRR NA 0 NA 49.47  36.1049   3.7662
RRR NA 1 NA 49.47  16.8445   1.6084
RRR NA 0 NA 49.57  36.1275   3.8066
RRR NA 1 NA 49.57  16.6114   1.7989
RRR NA 0 NA 49.67  36.5116   3.8074
RRR NA 1 NA 49.67  16.8381   1.5778
RRR NA 0 NA 49.77  36.1453   3.8080
RRR NA 1 NA 49.77  16.9426   1.7354
RRR NA 0 NA 49.87  36.1072   3.8096
RRR NA 1 NA 49.87  16.6249   1.5788
RRR NA 0 NA 49.97  36.4939   3.7608
RRR NA 1 NA 49.97  17.0587   1.8722
RRR NA 0 NA 50.07  36.2343   3.8087
RRR NA 1 NA 50.07  16.6287   1.6015
RRR NA 0 NA 50.18  36.1780   3.8451
RRR NA 1 NA 50.18  16.6052   1.6730
RRR NA 0 NA 50.28  36.2453   3.8116
RRR NA 1 NA 50.28  16.6736   1.5669
RRR NA 0 NA 50.38  36.1471   3.8080
RRR NA 1 NA 50.38  16.7821   1.8360
RRR NA 0 NA 50.48  36.5592   3.8477
RRR NA 1 NA 50.48  19.2759   1.9589
RRR NA 0 NA 50.58  36.2097   3.8431
RRR NA 1 NA 50.58  17.0135   1.8503
RRR NA 0 NA 50.68  36.2444   3.8010
RRR NA 1 NA 50.68  16.7086   1.7374
RRR NA 0 NA 50.78  36.5422   3.7737
RRR NA 1 NA 50.78  16.8571   1.7092
RRR NA 0 NA 50.88  36.1058   3.8040
RRR NA 1 NA 50.88  16.8650   1.6186
RRR NA 0 NA 50.98  36.1395   3.8096
RRR NA 1 NA 50.98  16.8649   1.7129
RRR NA 0 NA 51.08  36.3120   3.8400
RRR NA 1 NA 51.08  16.6590   2.3568
RRR NA 0 NA 51.18  36.5873   3.8119
RRR NA 1 NA 51.18  16.8409   2.5589
RRR NA 0 NA 51.28  36.2138   3.8112
RRR NA 1 NA 51.28  16.9489   1.7091
RRR NA 0 NA 51.38  36.0376   3.7960
RRR NA 1 NA 51.38  16.6763   1.6465
RRR NA 0 NA 51.49  36.9427   3.8031
RRR NA 1 NA 51.49  17.2794   1.6162
RRR NA 0 NA 51.59  36.2695   3.7676
RRR NA 1 NA 51.59  16.7340   1.6461
RRR NA 0 NA 51.69  36.1305   3.8073
RRR NA 1 NA 51.69  16.7482   1.6625
RRR NA 0 NA 51.79  36.4960   3.8051
RRR NA 1 NA 51.79  16.6986   1.7143
RRR NA 0 NA 51.89  36.1477   3.8399
RRR NA 1 NA 51.89  16.9023   1.6136
RRR NA 0 NA 51.99  36.2381   3.4338
RRR NA 1 NA 51.99  17.1020   1.6121
RRR NA 0 NA 52.09  36.1429   1.6860
RRR NA 1 NA 52.09  16.2936   1.5740
RRR NA 0 NA 52.19  36.5553   1.5952
RRR NA 1 NA 52.19  16.3714   1.5767
RRR NA 0 NA 52.29  36.1781   1.5812
RRR NA 1 NA 52.29  16.6257   1.5604
RRR NA 0 NA 52.39  36.1108   1.5324
RRR NA 1 NA 52.39  16.3052   1.5594
RRR NA 0 NA 52.49  36.1537   1.5811
RRR NA 1 NA 52.49  16.3290   1.5758
RRR NA 0 NA 52.59  36.4880   1.5623
RRR NA 1 NA 52.59  16.2881   1.5582
RRR NA 0 NA 52.69  36.1891   1.5971
RRR NA 1 NA 52.69  16.3808   1.5767
RRR NA 0 NA 52.80  36.2054   1.5655
RRR NA 1 NA 52.80  16.5396   1.5770
RRR NA 0 NA 52.90  36.1406   1.5653
RRR NA 1 NA 52.90  16.2762   1.5757
RRR NA 0 NA 53.00  36.1945   1.5460
RRR NA 1 NA 53.00  16.4383   1.5888
RRR NA 0 NA 53.10  36.5181   1.5932
RRR NA 1 NA 53.10  16.4918   1.5897
RRR NA 0 NA 53.20  36.1883   1.5809
RRR NA 1 NA 53.20  16.3172   1.5754
RRR NA 0 NA 53.30  36.1515   1.5805
RRR NA 1 NA 53.30  16.3713   1.5759
RRR NA 0 NA 53.40  36.5050   1.5784
RRR NA 1 NA 53.40  16.3209   1.5740
RRR NA 0 NA 53.50  36.1846   1.5937
RRR NA 1 NA 53.50  16.4287   1.5740
RRR NA 0 NA 53.60  36.1501   1.5612
RRR NA 1 NA 53.60  16.2606   1.5736
RRR NA 0 NA 53.70  36.1522   1.5491
RRR NA 1 NA 53.70  16.3023   1.5912
RRR NA 0 NA 53.80  36.7691   1.5928
RRR NA 1 NA 53.80  16.5157   1.5742
RRR NA 0 NA 53.90  36.1743   1.5804
RRR NA 1 NA 53.90  16.2718   1.5592
RRR NA 0 NA 54.00  36.2267   2.1577
RRR NA 1 NA 54.00  17.1519   1.6082
RRR NA 0 NA 54.11  36.5119   3.4169
RRR NA 1 NA 54.11  17.2639   1.5939
RRR NA 0 NA 54.21  36.2350   2.7690
RRR NA 1 NA 54.21  16.8452   1.6595
RRR NA 0 NA 54.31  36.1292   2.5063
RRR NA 1 NA 54.31  16.7194   1.5819
RRR NA 0 NA 54.41  36.4353   2.8814
RRR NA 1 NA 54.41  16.7605   1.6283
RRR NA 0 NA 54.51  36.1883   2.5906
RRR NA 1 NA 54.51  17.4545   1.6007
RRR NA 0 NA 54.61  36.2333   2.5623
RRR NA 1 NA 54.61  17.0333   1.6488
RRR NA 0 NA 54.71  37.9763   2.6984
RRR NA 1 NA 54.71  17.1015   1.6004
RRR NA 0 NA 54.81  36.1155   2.4648
RRR NA 1 NA 54.81  16.8637   1.6435
RRR NA 0 NA 54.91  36.4786   2.5852
RRR NA 1 NA 54.91  17.0585   1.6141
RRR NA 0 NA 55.01  36.2394   3.1183
RRR NA 1 NA 55.01  17.1515   1.6125
RRR NA 0 NA 55.11  36.1299   3.6223
RRR NA 1 NA 55.11  17.5261   1.5768
RRR NA 0 NA 55.21  37.3034   3.6494
RRR NA 1 NA 55.21  17.2719   1.7046
RRR NA 0 NA 55.31  36.6071   3.7105
RRR NA 1 NA 55.31  17.1584   1.5796
RRR NA 0 NA 55.42  36.1693   3.5679
RRR NA 1 NA 55.42  17.3369   1.6888
RRR NA 0 NA 55.52  36.1594   3.7720
RRR NA 1 NA 55.52  18.8233   1.5790
RRR NA 0 NA 55.62  36.1931   3.6100
RRR NA 1 NA 55.62  16.8581   1.6268
RRR NA 0 NA 55.72  36.4888   3.5809
RRR NA 1 NA 55.72  16.9166   1.5917
RRR NA 0 NA 55.82  36.1692   3.4983
RRR NA 1 NA 55.82  17.0594   1.6418
RRR NA 0 NA 55.92  36.1035   3.5003
RRR NA 1 NA 55.92  16.9356   1.5773
RRR NA 0 NA 56.02  36.7523   3.7279
RRR NA 1 NA 56.02  17.5034   1.6603
RRR NA 0 NA 56.12  36.5319   3.6837
RRR NA 1 NA 56.12  16.4855   1.5768
RRR NA 0 NA 56.22  36.1965   3.6753
RRR NA 1 NA 56.22  16.7850   1.6418
RRR NA 0 NA 56.32  36.1088   3.6777
RRR NA 1 NA 56.32  16.7606   1.5509
RRR NA 0 NA 56.42  36.2047   3.5940
RRR NA 1 NA 56.42  16.7795   1.6158
RRR NA 0 NA 56.52  36.5904   3.6290
RRR NA 1 NA 56.52  17.1736   1.6003
RRR NA 0 NA 56.62  36.1668   3.7380
RRR NA 1 NA 56.62  16.7336   1.6148
RRR NA 0 NA 56.73  36.1874   3.7197
RRR NA 1 NA 56.73  16.8211   1.6465
RRR NA 0 NA 56.83  36.1641   3.7156
RRR NA 1 NA 56.83  16.7904   1.6182
RRR NA 0 NA 56.93  36.1876   3.5586
RRR NA 1 NA 56.93  16.6612   1.6329
RRR NA 0 NA 57.03  36.5346   3.7434
RRR NA 1 NA 57.03  17.0024   1.5925
RRR NA 0 NA 57.13  36.1923   3.4484
RRR NA 1 NA 57.13  17.1736   1.6408
RRR NA 0 NA 57.23  36.1574   3.6160
RRR NA 1 NA 57.23  17.1170   1.6605
RRR NA 0 NA 57.33  37.2083   3.6713
RRR NA 1 NA 57.33  23.3682   1.9240
RRR NA 0 NA 57.43  36.6057   3.8107
RRR NA 1 NA 57.43  17.2194   2.0111
RRR NA 0 NA 57.53  36.5398   3.8519
RRR NA 1 NA 57.53  16.4462   1.7802
RRR NA 0 NA 57.63  36.1968   3.8088
RRR NA 1 NA 57.63  16.7108   1.6732
RRR NA 0 NA 57.73  36.1465   3.8100
RRR NA 1 NA 57.73  16.5487   1.7909
RRR NA 0 NA 57.83  36.1767   3.7744
RRR NA 1 NA 57.83  16.5287   1.6813
RRR NA 0 NA 57.93  36.7955   3.8131
RRR NA 1 NA 57.93  16.5897   1.6759
RRR NA 0 NA 58.03  36.2389   3.8403
RRR NA 1 NA 58.03  16.9954   1.7177
RRR NA 0 NA 58.14  36.1715   3.8040
RRR NA 1 NA 58.14  16.9223   1.6588
RRR NA 0 NA 58.24  36.5212   3.8440
RRR NA 1 NA 58.24  16.7735   1.6051
RRR NA 0 NA 58.34  36.2194   3.8068
RRR NA 1 NA 58.34  16.6948   1.7041
RRR NA 0 NA 58.44  36.1543   3.8038
RRR NA 1 NA 58.44  16.8455   1.6002
RRR NA 0 NA 58.54  36.1438   3.7718
RRR NA 1 NA 58.54  16.7264   1.7488
RRR NA 0 NA 58.64  36.5080   3.8052
RRR NA 1 NA 58.64  16.6887   1.6508
RRR NA 0 NA 58.74  36.1733   3.7704
RRR NA 1 NA 58.74  16.9068   1.7419
RRR NA 0 NA 58.84  36.1630   3.7703
RRR NA 1 NA 58.84  16.5241   1.6582
RRR NA 0 NA 58.94  36.1863   3.7701
RRR NA 1 NA 58.94  16.4708   1.7624
RRR NA 0 NA 59.04  36.6606   3.8489
RRR NA 1 NA 59.04  16.5826   1.6223
RRR NA 0 NA 59.14  36.6459   3.8159
RRR NA 1 NA 59.14  16.6472   1.7382
RRR NA 0 NA 59.24  36.2217   3.8455
RRR NA 1 NA 59.24  16.7026   1.8965
RRR NA 0 NA 59.34  36.1423   3.8083
RRR NA 1 NA 59.34  16.5501   1.7872
RRR NA 0 NA 59.44  36.2612   3.8105
RRR NA 1 NA 59.44  16.5372   1.6084
RRR NA 0 NA 59.55  36.5124   3.8414
RRR NA 1 NA 59.55  16.9159   2.0454
RRR NA 0 NA 59.65  36.4083   3.8110
RRR NA 1 NA 59.65  17.6904   1.6744
RRR NA 0 NA 59.75  38.8160   3.8067
RRR NA 1 NA 59.75  17.4862   2.2435
RRR NA 0 NA 59.85  36.1668   3.8095
RRR NA 1 NA 59.85  16.7921   1.6250
RRR NA 0 NA 59.95  36.1256   3.8410
RRR NA 1 NA 59.95  16.7758   1.7605
RRR NA 0 NA 60.05  36.6682   2.1177
RRR NA 1 NA 60.05  16.7887   1.5924
RRR NA 0 NA 60.15  36.4247   1.5829
RRR NA 1 NA 60.15  16.5759   1.5942
RRR NA 0 NA 60.25  36.2384   1.5811
RRR NA 1 NA 60.25  16.3936   1.5290
RRR NA 0 NA 60.35  36.2157   1.5812
RRR NA 1 NA 60.35  16.2741   1.5774
RRR NA 0 NA 60.45  36.1785   1.5790
RRR NA 1 NA 60.45  16.7044   1.5754
RRR NA 0 NA 60.55  36.5034   1.9280
RRR NA 1 NA 60.55  18.2065   1.6853
RRR NA 0 NA 60.65  36.1812   1.5782
RRR NA 1 NA 60.65  16.4209   1.5902
RRR NA 0 NA 60.75  36.2997   1.5822
RRR NA 1 NA 60.75  16.3624   1.5628
RRR NA 0 NA 60.86  36.1773   1.5792
RRR NA 1 NA 60.86  16.3306   1.5592
RRR NA 0 NA 60.96  36.1950   1.5635
RRR NA 1 NA 60.96  16.3159   1.6070
RRR NA 0 NA 61.06  36.7224   1.5964
RRR NA 1 NA 61.06  16.4723   1.5758
RRR NA 0 NA 61.16  36.3360   1.5788
RRR NA 1 NA 61.16  16.6402   1.5911
RRR NA 0 NA 61.26  36.2368   1.5507
RRR NA 1 NA 61.26  16.3847   1.5767
RRR NA 0 NA 61.36  36.1447   1.5787
RRR NA 1 NA 61.36  16.2556   1.6063
RRR NA 0 NA 61.46  36.5518   1.5952
RRR NA 1 NA 61.46  16.3008   1.5905
RRR NA 0 NA 61.56  36.2981   1.5825
RRR NA 1 NA 61.56  16.5001   1.5776
RRR NA 0 NA 61.66  36.1946   1.5952
RRR NA 1 NA 61.66  16.2767   1.5593
RRR NA 0 NA 61.76  36.1515   1.5489
RRR NA 1 NA 61.76  16.3155   1.5907
RRR NA 0 NA 61.86  36.1902   1.5775
RRR NA 1 NA 61.86  16.2652   1.5897
RRR NA 0 NA 61.96  36.6261   1.5955
RRR NA 1 NA 61.96  16.8508   1.6077
RRR NA 0 NA 62.06  36.3271   3.3258
RRR NA 1 NA 62.06  17.5101   1.5640
RRR NA 0 NA 62.16  36.1857   2.9835
RRR NA 1 NA 62.16  16.6707   1.6562
RRR NA 0 NA 62.27  36.1850   2.4754
RRR NA 1 NA 62.27  16.6608   1.5815
RRR NA 0 NA 62.37  36.5079   2.7249
RRR NA 1 NA 62.37  17.0058   1.6287
RRR NA 0 NA 62.47  36.1948   2.6380
RRR NA 1 NA 62.47  17.0094   1.5832
RRR NA 0 NA 62.57  36.1366   2.5446
RRR NA 1 NA 62.57  17.4520   1.6759
RRR NA 0 NA 62.67  36.5546   2.5274
RRR NA 1 NA 62.67  17.0424   1.5377
RRR NA 0 NA 62.77  36.2059   2.6028
RRR NA 1 NA 62.77  16.8737   1.6636
RRR NA 0 NA 62.87  36.1955   2.7271
RRR NA 1 NA 62.87  16.8003   1.5844
RRR NA 0 NA 62.97  36.2683   2.7873
RRR NA 1 NA 62.97  17.2724   1.6159
RRR NA 0 NA 63.07  36.6848   3.5578
RRR NA 1 NA 63.07  17.5770   1.6116
RRR NA 0 NA 63.17  36.2406   3.6877
RRR NA 1 NA 63.17  17.5121   1.6736
RRR NA 0 NA 63.27  36.2059   3.6949
RRR NA 1 NA 63.27  17.5404   1.5787
RRR NA 0 NA 63.37  36.1952   3.6204
RRR NA 1 NA 63.37  17.4627   1.6734
RRR NA 0 NA 63.47  36.1835   3.6255
RRR NA 1 NA 63.47  17.3036   1.5629
RRR NA 0 NA 63.57  36.1879   3.3758
RRR NA 1 NA 63.57  17.7647   1.7194
RRR NA 0 NA 63.68  36.5805   3.4669
RRR NA 1 NA 63.68  17.4690   1.5635
RRR NA 0 NA 63.78  36.2135   3.6575
RRR NA 1 NA 63.78  17.4643   1.7031
RRR NA 0 NA 63.88  36.1348   3.6018
RRR NA 1 NA 63.88  17.3401   1.5778
RRR NA 0 NA 63.98  36.6013   3.6041
RRR NA 1 NA 63.98  17.8899   1.6731
RRR NA 0 NA 64.08  36.3301   3.0276
RRR NA 1 NA 64.08  16.8141   1.5658
RRR NA 0 NA 64.18  36.2547   2.6524
RRR NA 1 NA 64.18  16.6485   1.5956
RRR NA 0 NA 64.28  36.1535   2.4712
RRR NA 1 NA 64.28  16.7436   1.5799
RRR NA 0 NA 64.38  36.1090   2.6204
RRR NA 1 NA 64.38  16.8014   1.6754
RRR NA 0 NA 64.48  36.2663   2.6250
RRR NA 1 NA 64.48  17.3790   1.5861
RRR NA 0 NA 64.58  36.5522   2.5251
RRR NA 1 NA 64.58  17.1882   1.6453
RRR NA 0 NA 64.68  36.2503   3.6188
RRR NA 1 NA 64.68  16.8703   1.5997
RRR NA 0 NA 64.78  36.1517   3.6578
RRR NA 1 NA 64.78  16.9127   1.6642
RRR NA 0 NA 64.88  36.5133   3.7232
RRR NA 1 NA 64.88  16.9401   1.6017
RRR NA 0 NA 64.99  36.1452   3.6968
RRR NA 1 NA 64.99  16.9308   1.6739
RRR NA 0 NA 65.09  36.1615   3.5932
RRR NA 1 NA 65.09  17.2991   1.5920
RRR NA 0 NA 65.19  36.5549   3.4587
RRR NA 1 NA 65.19  17.4991   1.6730
RRR NA 0 NA 65.29  36.2381   3.4461
RRR NA 1 NA 65.29  17.3434   1.5634
RRR NA 0 NA 65.39  36.1983   3.6459
RRR NA 1 NA 65.39  17.2704   1.7048
RRR NA 0 NA 65.49  36.2117   3.6138
RRR NA 1 NA 65.49  17.8166   1.5788
RRR NA 0 NA 65.59  36.2179   3.7873
RRR NA 1 NA 65.59  18.6356   1.7206
RRR NA 0 NA 65.69  36.7513   3.3851
RRR NA 1 NA 65.69  17.1625   1.5784
RRR NA 0 NA 65.79  36.2500   3.5380
RRR NA 1 NA 65.79  17.2453   1.6755
RRR NA 0 NA 65.89  36.2721   3.5535
RRR NA 1 NA 65.89  17.1939   1.5476
RRR NA 0 NA 65.99  36.3039   3.6586
RRR NA 1 NA 65.99  17.5433   1.6124
RRR NA 0 NA 66.09  36.2292   3.6908
RRR NA 1 NA 66.09  16.6460   1.5783
RRR NA 0 NA 66.19  36.2792   3.6414
RRR NA 1 NA 66.19  16.6552   1.6607
RRR NA 0 NA 66.29  36.5445   3.6496
RRR NA 1 NA 66.29  16.9142   1.5797
RRR NA 0 NA 66.40  36.1978   3.6639
RRR NA 1 NA 66.40  16.6838   1.6136
RRR NA 0 NA 66.50  36.1829   3.5724
RRR NA 1 NA 66.50  17.2495   1.6005
RRR NA 0 NA 66.60  36.5049   3.7251
RRR NA 1 NA 66.60  17.1157   1.5981
RRR NA 0 NA 66.70  36.2596   3.6365
RRR NA 1 NA 66.70  16.7590   1.5860
RRR NA 0 NA 66.80  36.2201   3.6378
RRR NA 1 NA 66.80  16.8132   1.6307
RRR NA 0 NA 66.90  36.2180   3.5851
RRR NA 1 NA 66.90  16.9351   1.5996
RRR NA 0 NA 67.00  36.7069   3.7031
RRR NA 1 NA 67.00  17.0409   1.6266
RRR NA 0 NA 67.10  36.2117   3.7014
RRR NA 1 NA 67.10  17.3179   1.5916
RRR NA 0 NA 67.20  36.2957   3.6129
RRR NA 1 NA 67.20  17.5939   1.6260
RRR NA 0 NA 67.30  36.5773   3.5019
RRR NA 1 NA 67.30  17.1939   1.6399
RRR NA 0 NA 67.40  36.3194   3.4609
RRR NA 1 NA 67.40  17.2806   1.6279
RRR NA 0 NA 67.50  36.2118   3.6418
RRR NA 1 NA 67.50  17.1467   1.6566
RRR NA 0 NA 67.61  36.1945   3.5089
RRR NA 1 NA 67.61  17.3867   1.6575
RRR NA 0 NA 67.71  36.5519   3.5861
RRR NA 1 NA 67.71  17.1997   1.6883
RRR NA 0 NA 67.81  36.2218   3.6054
RRR NA 1 NA 67.81  17.1904   1.6568
RRR NA 0 NA 67.91  36.2000   3.5752
RRR NA 1 NA 67.91  17.2412   1.5926
RRR NA 0 NA 68.01  36.3011   3.8472
RRR NA 1 NA 68.01  17.6869   1.6729
RRR NA 0 NA 68.11  36.6599   3.6112
RRR NA 1 NA 68.11  16.5235   1.6109
RRR NA 0 NA 68.21  36.2398   3.6929
RRR NA 1 NA 68.21  16.5723   1.5946
RRR NA 0 NA 68.31  36.2588   3.5223
RRR NA 1 NA 68.31  16.7822   1.6628
RRR NA 0 NA 68.41  36.2654   3.6987
RRR NA 1 NA 68.41  16.9481   1.5862
RRR NA 0 NA 68.51  36.5073   3.6953
RRR NA 1 NA 68.51  17.1470   1.6284
RRR NA 0 NA 68.61  36.2170   3.6905
RRR NA 1 NA 68.61  16.8746   1.6152
RRR NA 0 NA 68.71  36.1554   3.6590
RRR NA 1 NA 68.71  16.7070   1.6484
RRR NA 0 NA 68.81  36.5457   3.5553
RRR NA 1 NA 68.81  16.9443   1.6009
RRR NA 0 NA 68.92  36.1786   3.6391
RRR NA 1 NA 68.92  16.6900   1.5504
RRR NA 0 NA 69.02  36.1985   3.7673
RRR NA 1 NA 69.02  17.2748   1.5803
RRR NA 0 NA 69.12  36.1669   3.6117
RRR NA 1 NA 69.12  17.3314   1.6393
RRR NA 0 NA 69.22  36.6384   3.6272
RRR NA 1 NA 69.22  17.1981   1.5945
RRR NA 0 NA 69.32  36.1486   3.5441
RRR NA 1 NA 69.32  17.2058   1.6407
RRR NA 0 NA 69.42  36.2006   3.4064
RRR NA 1 NA 69.42  17.2569   1.6581
RRR NA 0 NA 69.52  36.5522   3.5137
RRR NA 1 NA 69.52  17.2685   1.5778
RRR NA 0 NA 69.62  36.2257   3.5592
RRR NA 1 NA 69.62  17.3276   1.6738
RRR NA 0 NA 69.72  36.7139   3.5877
RRR NA 1 NA 69.72  17.6542   1.6090
RRR NA 0 NA 69.82  36.1861   3.5130
RRR NA 1 NA 69.82  17.5002   1.6749
RRR NA 0 NA 69.92  36.5776   3.5310
RRR NA 1 NA 69.92  17.2396   1.6251
RRR NA 0 NA 70.02  36.3944   3.7758
RRR NA 1 NA 70.02  17.4717   1.7328
RRR NA 0 NA 70.12  36.5401   3.7589
RRR NA 1 NA 70.12  17.5188   1.6453
RRR NA 0 NA 70.23  35.9206   3.6898
RRR NA 1 NA 70.23  16.8844   1.6024
RRR NA 0 NA 70.33  36.6164   3.7217
RRR NA 1 NA 70.33  16.7649   1.6305
RRR NA 0 NA 70.43  36.1963   3.6056
RRR NA 1 NA 70.43  17.0847   1.5845
RRR NA 0 NA 70.53  36.2050   3.7239
RRR NA 1 NA 70.53  18.8074   1.6630
RRR NA 0 NA 70.63  36.5353   3.5813
RRR NA 1 NA 70.63  17.3396   1.5784
RRR NA 0 NA 70.73  37.4625   3.7752
RRR NA 1 NA 70.73  16.9727   1.6262
RRR NA 0 NA 70.83  36.2257   3.5971
RRR NA 1 NA 70.83  16.8867   1.6885
RRR NA 0 NA 70.93  36.2699   3.4912
RRR NA 1 NA 70.93  17.3284   1.5941
RRR NA 0 NA 71.03  36.2904   3.7991
RRR NA 1 NA 71.03  17.1829   1.6423
RRR NA 0 NA 71.13  37.0126   3.8008
RRR NA 1 NA 71.13  16.7276   2.1906
RRR NA 0 NA 71.23  36.2292   3.8078
RRR NA 1 NA 71.23  16.5077   1.7131
RRR NA 0 NA 71.33  36.1609   3.7319
RRR NA 1 NA 71.33  16.5575   1.6888
RRR NA 0 NA 71.43  36.3788   3.8084
RRR NA 1 NA 71.43  16.7282   1.5797
RRR NA 0 NA 71.54  36.6861   3.8134
RRR NA 1 NA 71.54  16.5778   1.7047
RRR NA 0 NA 71.64  36.3461   3.7766
RRR NA 1 NA 71.64  16.5683   1.5818
RRR NA 0 NA 71.74  36.2040   3.8450
RRR NA 1 NA 71.74  16.4757   1.5937
RRR NA 0 NA 71.84  36.2524   3.8496
RRR NA 1 NA 71.84  16.7727   1.5787
RRR NA 0 NA 71.94  36.2661   3.7322
RRR NA 1 NA 71.94  16.5403   1.6891
RRR NA 0 NA 72.04  36.6955   3.8421
RRR NA 1 NA 72.04  16.9092   1.8391
RRR NA 0 NA 72.14  36.3244   3.7700
RRR NA 1 NA 72.14  16.6281   2.5636
RRR NA 0 NA 72.24  36.2092   3.8045
RRR NA 1 NA 72.24  16.8840   2.1377
RRR NA 0 NA 72.34  36.6156   3.8456
RRR NA 1 NA 72.34  16.7734   1.6638
RRR NA 0 NA 72.44  36.2136   3.8031
RRR NA 1 NA 72.44  16.6630   1.6191
RRR NA 0 NA 72.54  36.1104   3.8042
RRR NA 1 NA 72.54  16.8959   1.6289
RRR NA 0 NA 72.64  36.5848   3.8478
RRR NA 1 NA 72.64  16.6933   1.5833
RRR NA 0 NA 72.74  36.1680   3.7658
RRR NA 1 NA 72.74  16.7176   1.6446
RRR NA 0 NA 72.85  36.2035   3.8043
RRR NA 1 NA 72.85  16.8438   1.5501
RRR NA 0 NA 72.95  36.5239   3.8386
RRR NA 1 NA 72.95  16.7221   1.6438
RRR NA 0 NA 73.05  36.1797   3.8025
RRR NA 1 NA 73.05  16.9242   1.9208
RRR NA 0 NA 73.15  36.4701   3.8089
RRR NA 1 NA 73.15  16.7763   2.5783
RRR NA 0 NA 73.25  36.5684   3.8442
RRR NA 1 NA 73.25  16.7269   2.4668
RRR NA 0 NA 73.35  36.2408   3.8440
RRR NA 1 NA 73.35  16.6938   1.6795
RRR NA 0 NA 73.45  36.2144   3.8139
RRR NA 1 NA 73.45  16.9718   1.6042
RRR NA 0 NA 73.55  36.2052   3.8088
RRR NA 1 NA 73.55  16.6640   1.6316
RRR NA 0 NA 73.65  36.5996   3.8458
RRR NA 1 NA 73.65  16.5437   1.5796
RRR NA 0 NA 73.75  36.2593   3.7715
RRR NA 1 NA 73.75  16.5504   1.8275
RRR NA 0 NA 73.85  36.2153   3.7731
RRR NA 1 NA 73.85  16.5553   1.5801
RRR NA 0 NA 73.95  36.1726   3.7709
RRR NA 1 NA 73.95  16.8894   1.6580
RRR NA 0 NA 74.05  36.2698   3.8083
RRR NA 1 NA 74.05  16.7514   1.6095
RRR NA 0 NA 74.16  36.5920   3.8076
RRR NA 1 NA 74.16  16.5435   1.6892
RRR NA 0 NA 74.26  36.2197   3.8479
RRR NA 1 NA 74.26  16.6154   1.5967
RRR NA 0 NA 74.36  36.2029   3.8085
RRR NA 1 NA 74.36  16.9450   1.6656
RRR NA 0 NA 74.46  36.5418   3.8384
RRR NA 1 NA 74.46  16.6699   1.5655
RRR NA 0 NA 74.56  36.1666   3.8009
RRR NA 1 NA 74.56  16.7033   1.6273
RRR NA 0 NA 74.66  36.6904   3.7728
RRR NA 1 NA 74.66  17.1575   1.6308
RRR NA 0 NA 74.76  36.2206   3.8083
RRR NA 1 NA 74.76  16.7018   1.6435
RRR NA 0 NA 74.86  36.5948   3.8078
RRR NA 1 NA 74.86  16.7557   1.6018
RRR NA 0 NA 74.96  36.3354   3.8113
RRR NA 1 NA 74.96  16.7493   1.6327
RRR NA 0 NA 75.06  36.2687   3.8059
RRR NA 1 NA 75.06  16.6785   1.5973
RRR NA 0 NA 75.16  36.2739   3.8120
RRR NA 1 NA 75.16  16.8451   1.7696
RRR NA 0 NA 75.26  36.3075   3.8134
RRR NA 1 NA 75.26  16.5130   1.6118
RRR NA 0 NA 75.36  36.5725   3.8070
RRR NA 1 NA 75.36  16.5127   1.5944
RRR NA 0 NA 75.47  36.1974   3.7674
RRR NA 1 NA 75.47  16.5311   1.5784
RRR NA 0 NA 75.57  36.2678   3.8089
RRR NA 1 NA 75.57  18.5950   1.6914
RRR NA 0 NA 75.67  36.1731   3.8030
RRR NA 1 NA 75.67  16.5336   1.6244
RRR NA 0 NA 75.77  36.6234   3.8526
RRR NA 1 NA 75.77  16.6358   1.6119
RRR NA 0 NA 75.87  36.2451   3.8094
RRR NA 1 NA 75.87  16.5038   1.5476
RRR NA 0 NA 75.97  36.2417   3.7311
RRR NA 1 NA 75.97  17.0978   1.7609
RRR NA 0 NA 76.07  36.9433   3.7747
RRR NA 1 NA 76.07  16.5372   1.6538
RRR NA 0 NA 76.17  36.3166   3.8147
RRR NA 1 NA 76.17  16.5038   1.6448
RRR NA 0 NA 76.27  36.5732   3.8398
RRR NA 1 NA 76.27  16.6379   1.5628
RRR NA 0 NA 76.37  36.1876   3.8046
RRR NA 1 NA 76.37  16.7137   1.6148
RRR NA 0 NA 76.47  36.1915   3.8030
RRR NA 1 NA 76.47  16.9207   1.5796
RRR NA 0 NA 76.57  36.5321   3.8394
RRR NA 1 NA 76.57  16.7183   1.6616
RRR NA 0 NA 76.67  36.2471   3.8081
RRR NA 1 NA 76.67  16.7880   1.6005
RRR NA 0 NA 76.78  36.1755   3.7694
RRR NA 1 NA 76.78  16.9189   1.5991
RRR NA 0 NA 76.88  36.2504   3.8100
RRR NA 1 NA 76.88  16.7359   1.5691
RRR NA 0 NA 76.98  36.5932   3.8457
RRR NA 1 NA 76.98  16.7974   1.6750
RRR NA 0 NA 77.08  36.3619   3.8068
RRR NA 1 NA 77.08  16.5903   1.5977
RRR NA 0 NA 77.18  36.1909   3.7674
RRR NA 1 NA 77.18  16.8633   1.7515
RRR NA 0 NA 77.28  36.2470   3.7723
RRR NA 1 NA 77.28  16.5685   1.5797
RRR NA 0 NA 77.38  36.6433   3.8450
RRR NA 1 NA 77.38  16.6582   1.6370
RRR NA 0 NA 77.48  36.3221   3.8531
RRR NA 1 NA 77.48  16.5253   1.5501
RRR NA 0 NA 77.58  36.2247   3.8448
RRR NA 1 NA 77.58  16.7175   1.6891
RRR NA 0 NA 77.68  36.2123   3.7720
RRR NA 1 NA 77.68  16.5515   1.5802
RRR NA 0 NA 77.78  36.2370   3.8098
RRR NA 1 NA 77.78  16.6147   1.6428
RRR NA 0 NA 77.88  36.5822   3.8082
RRR NA 1 NA 77.88  16.4642   1.5786
RRR NA 0 NA 77.98  36.3800   3.8396
RRR NA 1 NA 77.98  18.4488   1.9161
RRR NA 0 NA 78.08  38.3386   3.7984
RRR NA 1 NA 78.08  21.4585   1.9276
RRR NA 0 NA 78.19  36.6384   3.8472
RRR NA 1 NA 78.19  16.5475   1.6566
RRR NA 0 NA 78.29  36.2135   3.8047
RRR NA 1 NA 78.29  16.6519   1.5802
RRR NA 0 NA 78.39  36.1509   3.7669
RRR NA 1 NA 78.39  16.9050   1.7405
RRR NA 0 NA 78.49  36.5597   3.7309
RRR NA 1 NA 78.49  16.7138   1.5671
RRR NA 0 NA 78.59  36.2262   3.7731
RRR NA 1 NA 78.59  16.7157   1.6302
RRR NA 0 NA 78.69  36.2021   3.8041
RRR NA 1 NA 78.69  16.8456   1.5964
RRR NA 0 NA 78.79  36.1074   3.8390
RRR NA 1 NA 78.79  16.7019   1.6586
RRR NA 0 NA 78.89  36.6096   3.8115
RRR NA 1 NA 78.89  16.6601   1.5841
RRR NA 0 NA 78.99  36.1736   3.7993
RRR NA 1 NA 78.99  16.9717   1.6242
RRR NA 0 NA 79.09  36.1952   3.8064
RRR NA 1 NA 79.09  16.4640   1.5768
RRR NA 0 NA 79.19  36.7558   3.8480
RRR NA 1 NA 79.19  17.0301   1.7048
RRR NA 0 NA 79.29  36.2533   3.7317
RRR NA 1 NA 79.29  16.6382   1.5617
RRR NA 0 NA 79.40  36.2277   3.8084
RRR NA 1 NA 79.40  16.8551   1.7182
RRR NA 0 NA 79.50  36.2471   3.7754
RRR NA 1 NA 79.50  16.6255   1.6114
RRR NA 0 NA 79.60  36.5757   3.8071
RRR NA 1 NA 79.60  16.7039   1.7019
RRR NA 0 NA 79.70  36.2436   3.8477
RRR NA 1 NA 79.70  16.7830   1.5938
RRR NA 0 NA 79.80  36.1772   3.8060
RRR NA 1 NA 79.80  16.9150   1.6864
RRR NA 0 NA 79.90  36.1811   3.7698
RRR NA 1 NA 79.90  16.5829   1.5938
RRR NA 0 NA 80.00  36.6721   3.8454
RRR NA 1 NA 80.00  17.1676   1.7188
RRR NA 0 NA 80.10  36.2607   3.7687
RRR NA 1 NA 80.10  16.4383   1.5928
RRR NA 0 NA 80.20  36.2180   3.7722
RRR NA 1 NA 80.20  16.6449   1.6567
RRR NA 0 NA 80.30  36.5817   3.8008
RRR NA 1 NA 80.30  16.6378   1.5783
RRR NA 0 NA 80.40  36.2167   3.8058
RRR NA 1 NA 80.40  16.7310   1.6926
RRR NA 0 NA 80.50  36.2576   3.8456
RRR NA 1 NA 80.50  17.2540   1.5831
RRR NA 0 NA 80.60  36.1832   3.8057
RRR NA 1 NA 80.60  18.7713   1.6890
RRR NA 0 NA 80.71  36.5799   3.8449
RRR NA 1 NA 80.71  16.7598   1.5956
RRR NA 0 NA 80.81  36.2877   3.7658
RRR NA 1 NA 80.81  16.9339   1.6734
RRR NA 0 NA 80.91  36.1332   3.7653
RRR NA 1 NA 80.91  16.6959   1.5800
RRR NA 0 NA 81.01  37.0534   3.8860
RRR NA 1 NA 81.01  16.7896   1.5799
RRR NA 0 NA 81.11  36.3937   3.8427
RRR NA 1 NA 81.11  17.0165   1.5928
RRR NA 0 NA 81.21  36.2990   3.7340
RRR NA 1 NA 81.21  17.1930   1.6721
RRR NA 0 NA 81.31  36.1857   3.7698
RRR NA 1 NA 81.31  16.7472   1.5780
RRR NA 0 NA 81.41  36.6615   3.7716
RRR NA 1 NA 81.41  16.8211   1.6733
RRR NA 0 NA 81.51  36.3955   3.8126
RRR NA 1 NA 81.51  16.9063   1.5645
RRR NA 0 NA 81.61  36.2641   3.8092
RRR NA 1 NA 81.61  16.9514   1.7351
RRR NA 0 NA 81.71  36.2996   3.7706
RRR NA 1 NA 81.71  16.6773   1.5779
RRR NA 0 NA 81.81  36.2348   3.7707
RRR NA 1 NA 81.81  16.8144   1.5934
RRR NA 0 NA 81.91  36.2855   3.7710
RRR NA 1 NA 81.91  16.8443   1.5778
RRR NA 0 NA 82.02  36.7369   3.8507
RRR NA 1 NA 82.02  17.3082   1.7521
RRR NA 0 NA 82.12  36.1657   3.8021
RRR NA 1 NA 82.12  17.1459   1.5763
RRR NA 0 NA 82.22  36.5953   3.8771
RRR NA 1 NA 82.22  16.9106   1.6571
RRR NA 0 NA 82.32  36.1820   3.8007
RRR NA 1 NA 82.32  16.9942   1.6580
RRR NA 0 NA 82.42  36.2329   3.8088
RRR NA 1 NA 82.42  17.2801   1.5501
RRR NA 0 NA 82.52  36.2605   3.8130
RRR NA 1 NA 82.52  16.8754   1.5987
RRR NA 0 NA 82.62  36.6019   3.8468
RRR NA 1 NA 82.62  16.7913   1.6249
RRR NA 0 NA 82.72  36.2071   3.8013
RRR NA 1 NA 82.72  17.1999   1.6066
RRR NA 0 NA 82.82  36.2115   3.7692
RRR NA 1 NA 82.82  17.1311   1.6715
RRR NA 0 NA 82.92  36.2623   3.8092
RRR NA 1 NA 82.92  17.3117   1.5626
RRR NA 0 NA 83.02  36.6734   3.8076
RRR NA 1 NA 83.02  17.2938   1.6877
RRR NA 0 NA 83.12  36.2994   3.8114
RRR NA 1 NA 83.12  17.0600   1.5783
RRR NA 0 NA 83.22  36.2865   3.8131
RRR NA 1 NA 83.22  17.1870   1.7049
RRR NA 0 NA 83.33  36.2338   3.8125
RRR NA 1 NA 83.33  16.9972   1.6109
RRR NA 0 NA 83.43  36.3334   3.8091
RRR NA 1 NA 83.43  17.1625   1.7043
RRR NA 0 NA 83.53  36.5862   3.8422
RRR NA 1 NA 83.53  16.9439   1.6736
RRR NA 0 NA 83.63  36.2541   3.8050
RRR NA 1 NA 83.63  16.7601   1.7165
RRR NA 0 NA 83.73  36.2596   3.8120
RRR NA 1 NA 83.73  16.5686   1.5793
RRR NA 0 NA 83.83  36.2790   3.8130
RRR NA 1 NA 83.83  16.5892   1.6128
RRR NA 0 NA 83.93  36.3166   3.7397
RRR NA 1 NA 83.93  16.5260   1.6613
RRR NA 0 NA 84.03  37.1278   3.7304
RRR NA 1 NA 84.03  16.9044   1.6211
RRR NA 0 NA 84.13  36.3488   3.7735
RRR NA 1 NA 84.13  16.7570   1.6751
RRR NA 0 NA 84.23  36.2574   3.8061
RRR NA 1 NA 84.23  16.4402   1.5950
RRR NA 0 NA 84.33  36.1688   3.8057
RRR NA 1 NA 84.33  16.7657   1.6142
RRR NA 0 NA 84.43  36.5743   3.8433
RRR NA 1 NA 84.43  16.7204   1.6007
RRR NA 0 NA 84.53  36.1934   3.8038
RRR NA 1 NA 84.53  16.9148   1.6148
RRR NA 0 NA 84.63  36.2507   3.7699
RRR NA 1 NA 84.63  16.7293   1.5693
RRR NA 0 NA 84.74  36.5674   3.8417
RRR NA 1 NA 84.74  17.0098   1.6607
RRR NA 0 NA 84.84  36.2436   3.8079
RRR NA 1 NA 84.84  16.7628   1.5950
RRR NA 0 NA 84.94  36.1793   3.8074
RRR NA 1 NA 84.94  16.7078   1.5865
RRR NA 0 NA 85.04  36.2897   3.8099
RRR NA 1 NA 85.04  16.7425   1.5827
RRR NA 0 NA 85.14  36.7138   3.8448
RRR NA 1 NA 85.14  16.6991   1.7367
RRR NA 0 NA 85.24  36.3414   3.8085
RRR NA 1 NA 85.24  16.7760   1.5950
RRR NA 0 NA 85.34  36.2752   3.8492
RRR NA 1 NA 85.34  16.5377   1.5496
RRR NA 0 NA 85.44  36.3259   3.8107
RRR NA 1 NA 85.44  16.5169   1.5646
RRR NA 0 NA 85.54  36.3039   3.8141
RRR NA 1 NA 85.54  17.1801   1.6132
RRR NA 0 NA 85.64  36.6298   3.8448
RRR NA 1 NA 85.64  17.6015   1.5896
RRR NA 0 NA 85.74  36.2522   3.8096
RRR NA 1 NA 85.74  16.7320   1.6458
RRR NA 0 NA 85.84  36.2346   3.8071
RRR NA 1 NA 85.84  16.5124   1.5895
RRR NA 0 NA 85.94  37.3178   3.8409
RRR NA 1 NA 85.94  16.4793   1.6830
RRR NA 0 NA 86.05  36.8607   3.8497
RRR NA 1 NA 86.05  16.8390   1.6854
RRR NA 0 NA 86.15  36.2927   3.8105
RRR NA 1 NA 86.15  16.7439   1.6588
RRR NA 0 NA 86.25  36.2464   3.8080
RRR NA 1 NA 86.25  16.6280   1.5803
RRR NA 0 NA 86.35  36.1290   3.8040
RRR NA 1 NA 86.35  16.7225   1.6133
RRR NA 0 NA 86.45  36.6685   3.8469
RRR NA 1 NA 86.45  16.7580   1.6266
RRR NA 0 NA 86.55  36.1845   3.8028
RRR NA 1 NA 86.55  16.9373   1.6596
RRR NA 0 NA 86.65  36.2183   3.7722
RRR NA 1 NA 86.65  16.7358   1.5695
RRR NA 0 NA 86.75  36.5433   3.8033
RRR NA 1 NA 86.75  16.7603   1.6151
RRR NA 0 NA 86.85  36.2024   3.8080
RRR NA 1 NA 86.85  16.9433   1.6008
RRR NA 0 NA 86.95  36.2368   3.8094
RRR NA 1 NA 86.95  16.7112   1.5999
RRR NA 0 NA 87.05  36.2222   3.8071
RRR NA 1 NA 87.05  16.7142   1.5664
RRR NA 0 NA 87.15  36.3145   3.7755
RRR NA 1 NA 87.15  16.6548   1.7240
RRR NA 0 NA 87.25  36.5709   3.7672
RRR NA 1 NA 87.25  16.5593   1.6094
RRR NA 0 NA 87.36  36.2296   3.7992
RRR NA 1 NA 87.36  16.7254   1.6421
RRR NA 0 NA 87.46  36.3648   3.8167
RRR NA 1 NA 87.46  16.5320   1.8158
RRR NA 0 NA 87.56  36.2563   3.7258
RRR NA 1 NA 87.56  16.5357   1.6193
RRR NA 0 NA 87.66  36.2142   3.7899
RRR NA 1 NA 87.66  16.4520   1.5640
RRR NA 0 NA 87.76  36.6047   3.8265
RRR NA 1 NA 87.76  16.5926   1.6110
RRR NA 0 NA 87.86  36.2371   3.8108
RRR NA 1 NA 87.86  16.6831   1.5774
RRR NA 0 NA 87.96  36.1894   3.8009
RRR NA 1 NA 87.96  16.8408   1.7029
RRR NA 0 NA 88.06  36.3070   3.8119
RRR NA 1 NA 88.06  16.6029   1.6078
RRR NA 0 NA 88.16  36.6612   3.8023
RRR NA 1 NA 88.16  16.5703   1.6905
RRR NA 0 NA 88.26  36.3019   3.8036
RRR NA 1 NA 88.26  16.7577   1.6039
RRR NA 0 NA 88.36  36.2258   3.7997
RRR NA 1 NA 88.36  16.7440   1.6626
RRR NA 0 NA 88.46  36.2033   3.8127
RRR NA 1 NA 88.46  16.7126   1.5688
RRR NA 0 NA 88.56  36.6208   3.8167
RRR NA 1 NA 88.56  16.7376   1.6501
RRR NA 0 NA 88.66  36.1718   3.7970
RRR NA 1 NA 88.66  16.9040   1.5840
RRR NA 0 NA 88.77  36.5283   3.8072
RRR NA 1 NA 88.77  16.8130   1.6190
RRR NA 0 NA 88.87  36.1679   3.7997
RRR NA 1 NA 88.87  16.7184   1.5672
RRR NA 0 NA 88.97  36.5668   3.8359
RRR NA 1 NA 88.97  16.7736   1.6138
RRR NA 0 NA 89.07  36.3142   3.8473
RRR NA 1 NA 89.07  16.9331   1.6134
RRR NA 0 NA 89.17  36.2723   3.8085
RRR NA 1 NA 89.17  16.7057   1.8143
RRR NA 0 NA 89.27  36.2011   3.8118
RRR NA 1 NA 89.27  16.5626   1.5629
RRR NA 0 NA 89.37  36.5702   3.8367
RRR NA 1 NA 89.37  16.4573   1.6271
RRR NA 0 NA 89.47  36.3049   3.8166
RRR NA 1 NA 89.47  16.6442   1.5964
RRR NA 0 NA 89.57  36.2512   3.7514
RRR NA 1 NA 89.57  16.5325   1.6274
RRR NA 0 NA 89.67  36.8375   3.7611
RRR NA 1 NA 89.67  16.8528   1.5637
RRR NA 0 NA 89.77  36.1531   3.7984
RRR NA 1 NA 89.77  16.5893   1.6264
RRR NA 0 NA 89.87  36.6383   3.8315
RRR NA 1 NA 89.87  16.6281   1.5966
RRR NA 0 NA 89.97  35.9078   3.8147
RRR NA 1 NA 89.97  17.0983   1.8392
RRR NA 0 NA 90.07  36.7535   3.8156
RRR NA 1 NA 90.07  16.6001   1.6477
RRR NA 0 NA 90.18  36.2893   3.8487
RRR NA 1 NA 90.18  16.5040   1.6748
RRR NA 0 NA 90.28  36.2437   3.8062
RRR NA 1 NA 90.28  16.6506   1.6106
RRR NA 0 NA 90.38  36.3731   3.8146
RRR NA 1 NA 90.38  16.9886   1.6654
RRR NA 0 NA 90.48  36.6153   3.8379
RRR NA 1 NA 90.48  17.0577   1.5842
RRR NA 0 NA 90.58  36.3150   3.8113
RRR NA 1 NA 90.58  18.7004   1.7501
RRR NA 0 NA 90.68  36.1766   3.6854
RRR NA 1 NA 90.68  16.8905   1.5838
RRR NA 0 NA 90.78  36.6857   3.7726
RRR NA 1 NA 90.78  17.0063   1.6452
RRR NA 0 NA 90.88  36.3051   3.7507
RRR NA 1 NA 90.88  16.6631   1.6748
RRR NA 0 NA 90.98  36.1673   3.8135
RRR NA 1 NA 90.98  16.8377   1.7548
RRR NA 0 NA 91.08  36.4478   3.8170
RRR NA 1 NA 91.08  16.7145   1.6220
RRR NA 0 NA 91.18  36.2567   3.8127
RRR NA 1 NA 91.18  16.6624   1.8476
RRR NA 0 NA 91.28  36.2777   3.8169
RRR NA 1 NA 91.28  16.5662   1.8016
RRR NA 0 NA 91.38  36.6265   3.8420
RRR NA 1 NA 91.38  16.6284   1.8381
RRR NA 0 NA 91.48  36.2492   3.7923
RRR NA 1 NA 91.48  16.7708   1.5752
RRR NA 0 NA 91.59  36.3514   3.7996
RRR NA 1 NA 91.59  16.5601   1.7247
RRR NA 0 NA 91.69  36.2845   3.8032
RRR NA 1 NA 91.69  16.5503   1.7142
RRR NA 0 NA 91.79  36.2256   3.7352
RRR NA 1 NA 91.79  16.6040   1.7161
RRR NA 0 NA 91.89  36.3243   3.8138
RRR NA 1 NA 91.89  16.6013   1.7100
RRR NA 0 NA 91.99  36.6330   3.3196
RRR NA 1 NA 91.99  17.0541   1.6316
RRR NA 0 NA 92.09  36.2119   1.6313
RRR NA 1 NA 92.09  16.3193   1.5742
RRR NA 0 NA 92.19  36.1897   1.5468
RRR NA 1 NA 92.19  16.4487   1.5594
RRR NA 0 NA 92.29  36.5583   1.5798
RRR NA 1 NA 92.29  16.6268   1.5901
RRR NA 0 NA 92.39  36.2139   1.5945
RRR NA 1 NA 92.39  16.3875   1.5751
RRR NA 0 NA 92.49  36.1697   1.5795
RRR NA 1 NA 92.49  16.3175   1.5745
RRR NA 0 NA 92.59  36.2001   1.5798
RRR NA 1 NA 92.59  16.4915   1.6381
RRR NA 0 NA 92.69  36.5680   1.5629
RRR NA 1 NA 92.69  16.2791   1.5579
RRR NA 0 NA 92.79  36.2013   1.5790
RRR NA 1 NA 92.79  16.3003   1.5746
RRR NA 0 NA 92.90  36.1825   1.5789
RRR NA 1 NA 92.90  16.2643   1.5905
RRR NA 0 NA 93.00  36.7010   1.5969
RRR NA 1 NA 93.00  16.7010   1.6090
RRR NA 0 NA 93.10  36.2136   1.5782
RRR NA 1 NA 93.10  16.2994   1.5744
RRR NA 0 NA 93.20  36.2119   1.5953
RRR NA 1 NA 93.20  16.3440   1.5746
RRR NA 0 NA 93.30  36.2267   1.5788
RRR NA 1 NA 93.30  16.3480   1.5758
RRR NA 0 NA 93.40  36.5608   1.5944
RRR NA 1 NA 93.40  16.5347   1.5742
RRR NA 0 NA 93.50  36.2379   1.5796
RRR NA 1 NA 93.50  16.2736   1.5748
RRR NA 0 NA 93.60  36.2120   1.5494
RRR NA 1 NA 93.60  16.3492   1.5765
RRR NA 0 NA 93.70  36.2822   1.5819
RRR NA 1 NA 93.70  16.3378   1.5775
RRR NA 0 NA 93.80  36.1836   1.5778
RRR NA 1 NA 93.80  16.5187   1.5745
RRR NA 0 NA 93.90  36.6150   1.5980
RRR NA 1 NA 93.90  16.3265   1.5613
RRR NA 0 NA 94.00  36.3359   2.1635
RRR NA 1 NA 94.00  17.2618   1.5929
RRR NA 0 NA 94.10  36.2829   3.4949
RRR NA 1 NA 94.10  17.4382   1.5807
RRR NA 0 NA 94.20  36.1944   3.6334
RRR NA 1 NA 94.20  17.5144   1.6895
RRR NA 0 NA 94.31  36.2071   3.5618
RRR NA 1 NA 94.31  17.6536   1.5930
RRR NA 0 NA 94.41  36.5546   2.6761
RRR NA 1 NA 94.41  17.4357   1.6099
RRR NA 0 NA 94.51  36.3059   2.5071
RRR NA 1 NA 94.51  16.7521   1.5839
RRR NA 0 NA 94.61  36.1476   3.2096
RRR NA 1 NA 94.61  17.5043   1.6736
RRR NA 0 NA 94.71  36.5709   3.7146
RRR NA 1 NA 94.71  17.6731   1.5766
RRR NA 0 NA 94.81  36.2514   3.4658
RRR NA 1 NA 94.81  17.4351   1.6430
RRR NA 0 NA 94.91  36.2294   3.5851
RRR NA 1 NA 94.91  17.5212   1.6105
RRR NA 0 NA 95.01  36.2394   3.6442
RRR NA 1 NA 95.01  17.7902   1.7198
RRR NA 0 NA 95.11  36.5752   3.6021
RRR NA 1 NA 95.11  17.3246   1.5608
RRR NA 0 NA 95.21  36.2605   3.6640
RRR NA 1 NA 95.21  17.5443   1.6893
RRR NA 0 NA 95.31  36.2665   3.6897
RRR NA 1 NA 95.31  17.4083   1.5625
RRR NA 0 NA 95.41  36.2935   3.5784
RRR NA 1 NA 95.41  17.6595   1.6902
RRR NA 0 NA 95.51  36.3442   3.7602
RRR NA 1 NA 95.51  17.7766   1.5830
RRR NA 0 NA 95.62  36.6079   3.5609
RRR NA 1 NA 95.62  19.0992   1.7190
RRR NA 0 NA 95.72  36.2401   3.6455
RRR NA 1 NA 95.72  17.4081   1.5784
RRR NA 0 NA 95.82  36.2710   3.5622
RRR NA 1 NA 95.82  17.1312   1.7383
RRR NA 0 NA 95.92  36.2267   3.6467
RRR NA 1 NA 95.92  17.1505   1.6090
RRR NA 0 NA 96.02  36.3125   3.6840
RRR NA 1 NA 96.02  17.9739   1.6285
RRR NA 0 NA 96.12  36.5930   2.6571
RRR NA 1 NA 96.12  16.5975   1.6083
RRR NA 0 NA 96.22  36.2708   2.6369
RRR NA 1 NA 96.22  16.5168   1.6903
RRR NA 0 NA 96.32  36.4841   2.8001
RRR NA 1 NA 96.32  16.8186   1.5998
RRR NA 0 NA 96.42  36.2088   2.7520
RRR NA 1 NA 96.42  16.8182   1.6943
RRR NA 0 NA 96.52  36.3016   2.6961
RRR NA 1 NA 96.52  17.4963   1.5859
RRR NA 0 NA 96.62  36.5643   2.6520
RRR NA 1 NA 96.62  16.7514   1.6612
RRR NA 0 NA 96.72  36.3022   2.4127
RRR NA 1 NA 96.72  16.7113   1.5721
RRR NA 0 NA 96.82  36.2345   2.6745
RRR NA 1 NA 96.82  16.6967   1.6626
RRR NA 0 NA 96.92  36.4894   2.5165
RRR NA 1 NA 96.92  16.9199   1.5645
RRR NA 0 NA 97.03  36.6052   3.2764
RRR NA 1 NA 97.03  17.2554   1.6590
RRR NA 0 NA 97.13  36.2176   3.5412
RRR NA 1 NA 97.13  17.5220   1.5913
RRR NA 0 NA 97.23  36.2517   3.3619
RRR NA 1 NA 97.23  17.5172   1.6591
RRR NA 0 NA 97.33  36.5948   3.5899
RRR NA 1 NA 97.33  17.3917   1.5763
RRR NA 0 NA 97.43  36.2645   3.5175
RRR NA 1 NA 97.43  17.4074   1.6106
RRR NA 0 NA 97.53  36.1619   3.5739
RRR NA 1 NA 97.53  17.4128   1.6219
RRR NA 0 NA 97.63  36.5531   3.5239
RRR NA 1 NA 97.63  17.3252   1.6242
RRR NA 0 NA 97.73  36.2558   3.5055
RRR NA 1 NA 97.73  17.2410   1.5798
RRR NA 0 NA 97.83  36.2334   3.5249
RRR NA 1 NA 97.83  17.3754   1.6574
RRR NA 0 NA 97.93  36.2266   3.5727
RRR NA 1 NA 97.93  17.4660   1.6085
RRR NA 0 NA 98.03  36.6645   3.6479
RRR NA 1 NA 98.03  17.2543   1.6418
RRR NA 0 NA 98.13  36.3200   2.8927
RRR NA 1 NA 98.13  16.6162   1.6280
RRR NA 0 NA 98.23  36.2593   2.5126
RRR NA 1 NA 98.23  16.4752   1.5774
RRR NA 0 NA 98.34  36.1022   2.4636
RRR NA 1 NA 98.34  16.9671   1.6276
RRR NA 0 NA 98.44  36.5380   2.6840
RRR NA 1 NA 98.44  16.7394   1.5816
RRR NA 0 NA 98.54  36.2242   2.5916
RRR NA 1 NA 98.54  17.3438   1.6325
RRR NA 0 NA 98.64  36.2524   2.4731
RRR NA 1 NA 98.64  16.7036   1.6034
RRR NA 0 NA 98.74  36.2258   2.5374
RRR NA 1 NA 98.74  16.8151   1.6779
RRR NA 0 NA 98.84  36.6027   2.4764
RRR NA 1 NA 98.84  16.7717   1.5841
RRR NA 0 NA 98.94  36.2066   2.5237
RRR NA 1 NA 98.94  16.7050   1.6613
RRR NA 0 NA 99.04  36.2993   3.3592
RRR NA 1 NA 99.04  17.1949   1.5807
RRR NA 0 NA 99.14  36.3105   3.7363
RRR NA 1 NA 99.14  17.4760   1.6877
RRR NA 0 NA 99.24  36.3397   3.5353
RRR NA 1 NA 99.24  17.1265   1.5804
RRR NA 0 NA 99.34  36.6053   3.5737
RRR NA 1 NA 99.34  17.3720   1.6724
RRR NA 0 NA 99.44  36.2643   3.5229
RRR NA 1 NA 99.44  17.3023   1.5786
RRR NA 0 NA 99.54  36.1990   3.4292
RRR NA 1 NA 99.54  17.2053   1.7048
RRR NA 0 NA 99.65  36.2384   3.4884
RRR NA 1 NA 99.65  17.5478   1.5784
RRR NA 0 NA 99.75  36.6088   3.6517
RRR NA 1 NA 99.75  17.1859   1.6888
RRR NA 0 NA 99.85  36.2159   3.4328
RRR NA 1 NA 99.85  17.3607   1.5939
